tree
version=v4
num_class=1
num_tree_per_iteration=1
label_index=0
max_feature_idx=145
objective=lambdarank
feature_names=ret_1h ret_2h ret_4h ret_6h ret_24h ret_48h ret_72h ret_168h close_open_ratio high_close_ratio low_close_ratio close_ma6_ratio close_ma12_ratio close_ma24_ratio vol_ma24_ratio close_ma48_ratio close_ma72_ratio vol_ma72_ratio close_ma168_ratio vol_ma168_ratio close_ma336_ratio close_ma720_ratio vol_ma720_ratio gk_vol_12h gk_vol_24h gk_vol_48h gk_vol_168h ret_std_24h ret_skew_24h ret_kurt_24h ret_mean_24h ret_sharpe_24h ret_std_48h ret_skew_48h ret_kurt_48h ret_mean_48h ret_sharpe_48h ret_std_168h ret_skew_168h ret_kurt_168h ret_mean_168h ret_sharpe_168h vol_mom_24h vol_mom_48h vwap_dev_12h vwap_dev_24h vwap_dev_48h vol_price_corr_24h vol_price_corr_48h vol_price_corr_168h rsi_12 rsi_14 rsi_24 macd macd_signal macd_diff bb_high_20 bb_low_20 bb_width_20 bb_pband_20 bb_high_48 bb_low_48 bb_width_48 bb_pband_48 atr_14 atr_24 atr_48 adx adx_pos adx_neg stoch_k stoch_d cci_14 cci_48 willr_14 obv_ma_ratio_24 obv_ma_ratio_48 btc_ret_1h btc_ret_4h btc_ret_12h btc_ret_24h btc_ret_48h btc_ret_168h eth_ret_1h eth_ret_4h eth_ret_12h eth_ret_24h btc_regime_24 btc_vol_24h eth_btc_ret_24h market_dispersion ret_vs_btc_24h regime_btc_ma720_slope regime_btc_dd_720 regime_low_vol breadth_pct_positive regime_breadth_bullish regime_composite mom_12h_zscore vwap_12h_dist mom_3d mom_7d mom_accel_12h vol_trend_12_48 range_expansion_12h vwpc_12h ll_count_12h vol_crush_ratio direction_quality_12h ret_12h_cs_rank vol_12h_cs_rank fng_value fng_ma7 fng_ma30 fng_momentum funding_rate market_funding_std funding_vs_market long_short_ratio reversal_4v24 reversal_12v48 reversal_24v168 vol_surge_24h cross_coin_disp_ma24 ret_skew_48h_cs ret_skew_168h_cs btc_beta_48h btc_beta_168h oi_value_usd top_ls_ratio top_long_pct global_ls_ratio global_long_pct oi_change_4h oi_change_12h oi_change_24h oi_zscore_7d oi_ret_interaction_12h oi_change_12h_cs taker_cvd_12h taker_cvd_24h top_ls_change_12h top_ls_change_24h top_ls_zscore ls_divergence funding_rate_binance
feature_infos=[-0.47999999999999998:0.5] [-0.47999999999999998:0.5] [-0.47999999999999998:0.5] [-0.47999999999999998:0.5] [-0.47999999999999998:0.5] [-0.47999999999999998:0.5] [-0.47999999999999998:0.5] [-0.47999999999999998:0.5] [-0.47999999999999998:0.5] [-0.47999999999999998:0.5] [-0.47999999999999998:0.5] [-0.47999999999999998:0.5] [-0.47999999999999998:0.5] [-0.47999999999999998:0.5] [-0.47999999999999998:0.5] [-0.47999999999999998:0.5] [-0.47999999999999998:0.5] [-0.47999999999999998:0.5] [-0.47999999999999998:0.5] [-0.47999999999999998:0.5] [-0.47999999999999998:0.5] [-0.47999999999999998:0.5] [-0.47999999999999998:0.5] [-0.47999999999999998:0.5] [-0.47999999999999998:0.5] [-0.47999999999999998:0.5] [-0.47999999999999998:0.5] [-0.47999999999999998:0.5] [-0.47999999999999998:0.5] [-0.47999999999999998:0.5] [-0.47999999999999998:0.5] [-0.47999999999999998:0.5] [-0.47999999999999998:0.5] [-0.47999999999999998:0.5] [-0.47999999999999998:0.5] [-0.47999999999999998:0.5] [-0.47999999999999998:0.5] [-0.47999999999999998:0.5] [-0.47999999999999998:0.5] [-0.47999999999999998:0.5] [-0.47999999999999998:0.5] [-0.47999999999999998:0.5] [-0.47999999999999998:0.5] [-0.47999999999999998:0.5] [-0.47999999999999998:0.5] [-0.47999999999999998:0.5] [-0.47999999999999998:0.5] [-0.47999999999999998:0.5] [-0.47999999999999998:0.5] [-0.47999999999999998:0.5] [-0.47999999999999998:0.5] [-0.47999999999999998:0.5] [-0.47999999999999998:0.5] [-0.47999999999999998:0.5] [-0.47999999999999998:0.5] [-0.47999999999999998:0.5] [-0.47999999999999998:0.5] [-0.47999999999999998:0.5] [-0.47999999999999998:0.5] [-0.47999999999999998:0.5] [-0.47999999999999998:0.5] [-0.47999999999999998:0.5] [-0.47999999999999998:0.5] [-0.47999999999999998:0.5] [-0.47999999999999998:0.5] [-0.47999999999999998:0.5] [-0.47999999999999998:0.5] [-0.47999999999999998:0.5] [-0.47999999999999998:0.5] [-0.47999999999999998:0.5] [-0.47999999999999998:0.5] [-0.47999999999999998:0.5] [-0.47999999999999998:0.5] [-0.47999999999999998:0.5] [-0.47999999999999998:0.5] [-0.47999999999999998:0.5] [-0.47999999999999998:0.5] [-0.47999999999999998:0.5] [-0.47999999999999998:0.5] [-0.47999999999999998:0.5] [-0.47999999999999998:0.5] [-0.47999999999999998:0.5] [-0.47999999999999998:0.5] [-0.47999999999999998:0.5] [-0.47999999999999998:0.5] [-0.47999999999999998:0.5] [-0.47999999999999998:0.5] [0:1] [-0.47999999999999998:0.5] [-0.47999999999999998:0.5] [0.010000000000000009:0.5] [-0.47999999999999998:0.5] [0:1] [-0.63898679729971919:0] [0:1] [0:1] [0:1] [0:1] [-0.47999999999999998:0.5] [-0.47999999999999998:0.5] [-0.47999999999999998:0.5] [-0.47999999999999998:0.5] [-0.47999999999999998:0.5] [-0.47999999999999998:0.5] [-0.47999999999999998:0.5] [-0.47999999999999998:0.5] [-0.47999999999999998:0.5] [-0.47999999999999998:0.5] [-0.47999999999999998:0.5] [-0.47999999999999998:0.5] [-0.47999999999999998:0.5] [5:95] [0:94] [0:92.349999999999994] [-59.084722222222226:50.370833333333337] [0.010000000000000009:0.5] [0.010000000000000009:0.5] [0.010000000000000009:0.5] [0.010000000000000009:0.5] [-0.47999999999999998:0.5] [-0.47999999999999998:0.5] [-0.47999999999999998:0.5] [-0.47999999999999998:0.5] [-0.47999999999999998:0.5] [-0.47999999999999998:0.5] [-0.47999999999999998:0.5] [-0.47999999999999998:0.5] [-0.47999999999999998:0.5] [-0.47999999999999998:0.5] [-0.47999999999999998:0.5] [-0.47999999999999998:0.5] [-0.47999999999999998:0.5] [-0.47999999999999998:0.5] [-0.47999999999999998:0.5] [-0.47999999999999998:0.5] [-0.47999999999999998:0.5] [-0.47999999999999998:0.5] [-0.47999999999999998:0.5] [-0.47999999999999998:0.5] [-0.47999999999999998:0.5] [-0.47999999999999998:0.5] [-0.47999999999999998:0.5] [-0.47999999999999998:0.5] [-0.47999999999999998:0.5] [-0.47999999999999998:0.5] [-0.47999999999999998:0.5]
tree_sizes=3647 3620 3621 3619 3621 3636 3637 3639 3642 3632

Tree=0
num_leaves=31
num_cat=0
split_feature=20 12 88 52 145 0 132 54 93 79 79 20 38 20 65 93 142 33 60 31 145 20 132 75 142 25 34 127 0 39
split_gain=230.312 119.451 85.6983 75.9065 48.3819 45.6033 39.1302 37.0679 33.7179 29.8663 28.9587 26.7527 24.0189 23.554 21.5974 18.718 19.9853 17.9591 17.9996 16.9915 16.7229 15.2905 15.237 14.7817 14.6475 14.2112 14.1367 14.0695 13.6812 13.619
threshold=0.39417693169092949 -0.33503401360544216 0.43875000000000003 0.2473404255319149 -0.020620748299319726 -0.25255102040816318 -0.3010416666666666 0.49000000000000005 -0.060879119262586427 0.074175824175824148 0.018187830687830701 -0.1236111111111111 -0.10208333333333332 0.091372912801484255 0.3585714285714286 -0.273789836584381 -0.41010101010101002 0.39619252873563227 0.46076923076923082 -0.17369121561668144 -0.022233201581027647 -0.45401691331923882 -0.47979591836734686 -0.22821969696969696 -0.18042553191489358 0.47259759759759767 0.048003072196620596 0.095491388044579531 -0.36285266457680249 -0.22821969696969696
decision_type=2 2 2 2 2 2 2 2 2 2 2 2 2 2 2 2 2 2 2 2 2 2 2 2 2 2 2 2 2 2
left_child=1 8 5 17 19 -3 14 -8 10 15 11 26 -11 29 -7 -5 -17 18 20 -4 -2 -10 -18 -15 -20 -22 -1 -14 -23 -6
right_child=3 2 4 9 13 6 7 -9 21 12 -12 -13 27 23 -16 16 22 -19 24 -21 25 28 -24 -25 -26 -27 -28 -29 -30 -31
leaf_value=0.0029023809872764268 0.0014703660808909559 0.00011123631527463939 0.00051209103449020388 -0.00039889839394618716 0.0021182049922149775 0.00013971658375277945 -0.0009350175510738336 0.0011546005100934831 -0.0026136901096394018 0.0099216991260696174 0.0030199179439579231 0.00014182791480623114 -0.0013004637942206571 -0.0007439756389563387 0.0030558208564071881 -0.00057687724864629697 0.0058429135841802475 -0.0013144962296883272 -0.0027255028766560423 0.0030027575915175177 -0.00021265242087874022 0.0015005455727795181 0.0023108139209281342 0.0018925858510960539 0.0028892155098002165 -0.0040442163218024204 0.0009191853699310117 0.0047176500914466223 -0.00015873448848611639 -0.001420475546793476
leaf_weight=813.58649281802354 596.48339366450091 6878.0141540781624 378.04091128884465 273.33805434773967 119.76234752160963 1185.6558699290945 27985.015927132215 870.40904162713559 194.05624999606516 83.659321377053857 988.48198131262325 1607.3246197964472 44.660649349913001 295.52389658690663 325.19729989691405 228.37134126963792 129.5752731114917 583.98734252409849 49.15070350014139 1107.5521037442377 900.01012442334104 680.80900891532656 4039.6523257931694 714.15051034235512 452.86142967559863 108.57065289234743 679.08789486222668 200.33623124938458 1803.1048294972861 954.59020453048288
leaf_count=20531 13634 163545 10203 5944 2420 31613 674574 13894 4924 790 15727 41377 497 6825 7552 5599 2917 13074 1100 28334 19401 16180 84649 15907 8904 2204 17767 2177 44521 20721
internal_value=-1.6801e-05 -0.000276513 -0.000480692 0.00158851 0.000998174 -0.000622723 -0.000789293 -0.000871601 0.000953464 0.00231749 0.0015248 0.00104401 0.00524916 1.02081e-05 0.000775602 0.00210799 0.00226613 0.0002301 0.000663357 0.00237645 0.000139341 7.72294e-05 0.00242436 0.00111102 0.00231529 -0.000638611 0.00200805 0.00357913 0.00029245 -0.0010151
internal_weight=55271 47580.4 40813.9 7690.66 3569.62 37244.3 30366.3 28855.4 6766.45 4999.59 4088.48 3100 328.656 2084.03 1510.85 4670.94 4397.6 2691.06 2107.08 1485.59 1605.06 2677.97 4169.23 1009.67 502.012 1008.58 1492.67 244.997 2483.91 1074.35
internal_count=1297505 1136615 975588 160890 84410 891178 727633 688468 161027 102573 95402 79675 3464 45873 39165 99109 93165 58317 45243 38537 35239 65625 87566 22732 10004 21605 38298 2674 60701 23141
is_linear=0
shrinkage=0.01


Tree=1
num_leaves=31
num_cat=0
split_feature=52 11 88 21 21 88 127 130 13 130 73 62 83 33 26 78 99 49 112 112 37 53 53 111 81 120 45 5 26 26
split_gain=1483.77 789.857 465.359 465.836 424.871 272.361 225.906 221.498 199.937 174.286 161.544 161.427 154.103 152.042 146.3 145.8 135.183 128.113 127.135 115.463 114.715 131.148 113.062 110.57 106.844 103.572 108.269 99.2922 135.398 94.1514
threshold=0.38762626262626265 -0.27664399092970515 0.43875000000000003 0.41751700680272114 0.42052631578947375 0.2950000000000001 0.14051282051282057 0.011766334440753036 -0.3876262626262626 -0.39897959183673465 -0.35053191489361696 0.45505050505050515 0.011495771670190282 0.26043478260869574 0.45505050505050515 0.051315789473684266 -0.27664399092970515 -0.25931034482758614 21.877976190476193 28.002976190476193 0.14051282051282057 -0.059411764705882351 0.41864313292884731 61.500000000000007 0.027402402402402385 0.44804318488529016 0.38762626262626265 -0.4080338266384777 0.44804318488529016 0.1988372093023256
decision_type=2 2 2 2 2 2 2 2 2 2 2 2 2 2 2 2 2 2 2 2 2 2 2 2 2 2 2 2 2 2
left_child=1 8 3 9 5 6 14 -4 12 -3 -5 -8 -1 20 15 -2 -11 -9 -12 -13 29 -22 -7 -16 -24 26 -15 -14 -29 -6
right_child=4 2 7 10 13 22 11 17 -10 16 18 19 27 25 23 -17 -18 -19 -20 -21 21 -23 24 -25 -26 -27 -28 28 -30 -31
leaf_value=0.00045142785255465964 -0.0012329969766219082 0.0015958798775277689 0.0013509138115829369 -0.0024199584914395529 0.0054499374746929431 0.00077141861332884383 0.00053040979157188532 0.0012630322848176784 0.00017705016569470001 -0.00049107811109399494 -0.0012704924393781409 0.0064967589427027007 0.0044431981305441985 0.0028562353394969097 -0.0087581975138787023 0.0019689890030070985 -0.0018369216678140127 -0.0013203763315996439 0.0018678593691688582 0.0017107118874804684 0.0085896636568395367 0.0027132582524444955 0.0029037348621939207 0.003073240016831453 0.0076145542136092214 0.0034113249139631741 0.00012528263534676923 0.0027309788356591974 -0.00071388385267651729 0.013290785015099747
leaf_weight=5984.5116954120749 7042.9864810387371 1674.5224694454955 11020.238589218192 1379.6106895683333 1819.0650916885352 2314.5333940258715 5115.9837585822097 2540.1087735401234 22809.913927358721 8569.7465529988694 1589.6751658669673 915.96049087552819 2093.7660738849081 2570.4194978782907 375.68754675122909 1779.0296816788614 58977.073899249779 7814.2448611535365 6778.844526233559 1138.3957392645534 418.90246126905549 4227.1883709948161 3710.007150920108 97.962062722537667 557.1629160461016 3926.6235690852627 3352.6367158343492 4874.8977100406191 1483.4994157108013 169.32191651989706
leaf_count=50430 59840 11048 39923 7451 4361 6365 32074 9907 174136 70109 4984 2675 7305 8029 933 3517 676618 25331 31130 4211 1101 11168 10561 347 1163 11369 10158 16316 3989 399
internal_value=7.53599e-06 -0.000483007 -0.000944661 -0.00129898 0.00171509 0.000837679 0.000149707 0.000363928 0.000760435 -0.00158725 0.000746921 0.00148376 0.00168141 0.00294113 -0.000878307 -0.000586008 -0.00166633 -0.000685593 0.00127043 0.00385162 0.00411303 0.00324698 0.00255703 -0.00628879 0.00352281 0.00215042 0.0013124 0.00255096 0.00192569 0.006129
internal_weight=177123 137591 100344 78969.5 39531.9 23047.7 16466 21374.6 37246.6 69221.3 9748.13 7170.34 14436.7 16484.2 9295.67 8822.02 67546.8 10354.4 8368.52 2054.36 6634.48 4646.09 6581.7 473.65 4267.17 9849.68 5923.06 8452.16 6358.4 1988.39
internal_count=1296948 1128677 876501 801340 168271 121686 103597 75161 252176 757775 43565 38960 78040 46585 64637 63357 746727 35238 36114 6886 17029 12269 18089 1280 11724 29556 18187 27610 20305 4760
is_linear=0
shrinkage=0.01


Tree=2
num_leaves=31
num_cat=0
split_feature=52 2 88 20 144 56 130 130 99 145 7 55 66 48 143 33 24 136 113 144 144 71 110 78 24 17 77 110 114 140
split_gain=2256.63 780.851 683.756 677.294 442.855 310 273.941 272.6 218.91 197.665 212.333 229.591 170.5 161.23 146.156 134.936 122.853 117.778 114.081 130.899 100.795 94.5464 92.4788 109.431 90.5427 84.7478 83.1396 82.299 80.5244 78.6728
threshold=0.38762626262626265 -0.29893617021276592 0.45651260504201691 0.41864313292884731 0.010421189752496731 0.44058823529411767 -0.37877551020408157 0.011766334440753036 -0.27207792207792203 -0.26429738562091498 0.13733075435203099 0.49000000000000005 0.1988372093023256 0.44058823529411767 0.011237373737373714 0.39897959183673476 0.47979591836734697 0.065942028985507231 59.119444444444447 0.36811594202898557 0.016397849462365614 0.41366459627329194 0.39417693169092949 0.20833333333333334 0.43513323983169711 0.12645348837209305 0.03229166666666667 -0.33935483870967736 4.7340277777777802 0.2473404255319149
decision_type=2 2 2 2 2 2 2 2 2 2 2 2 2 2 2 2 2 2 2 2 2 2 2 2 2 2 2 2 2 2
left_child=1 5 3 6 27 20 12 -4 -8 16 22 13 -3 -12 -13 21 18 25 19 -6 -1 -5 23 -11 -24 -7 -17 -2 -20 -18
right_child=4 2 7 15 9 17 8 -9 -10 10 11 14 -14 -15 -16 26 29 -19 28 -21 -22 -23 24 -25 -26 -27 -28 -29 -30 -31
leaf_value=-0.00091382766234686841 0.0037769527985245682 -0.0026343066311329279 0.001768925690862714 0.0011503531162577127 0.0012050253108110945 0.0015137694644153299 -0.00074145545947706265 -0.0010344779782549306 -0.0023521159965536739 0.00011317052495748136 0.0020729861551397827 0.00036428780230947935 0.0032813425465963077 0.00044241330920381138 0.0047447114827111224 -0.00038342302857288053 0.0016326116380120746 -0.00040296780520318717 0.0044095382533440907 0.0047251067229151745 0.0005082581347082575 0.0047271674570947874 -0.0001936432671073795 0.0072041571608921174 -0.0065680950816796512 0.0034802811792161228 -0.0057384651484594061 -0.0033298985372859336 0.0082507200854056353 -0.007541332925041987
leaf_weight=8878.6368477619253 175.68926044087857 705.27747881470714 9300.6321618324437 6309.0203327490599 2265.9797366027487 4570.7445881555323 10040.318328056252 5525.7025805595913 53567.974235255388 5055.0399174883496 20353.39949698202 945.7318340894999 1561.9082152164774 8662.5663572018966 4027.5032842087094 1347.1393136931001 2277.8970243186923 1703.1536922287196 2023.1779396262718 1995.8285311845248 11354.015153763263 839.44747531600296 505.78460848913528 226.60978661477566 402.17656469368376 4261.207513536734 370.23675080388784 1948.9110726263607 764.01682376605459 96.173002689611167
leaf_count=100452 1424 9151 41026 26132 9078 18642 93903 33192 680146 24326 61414 2318 7567 22065 6934 8323 4826 13483 5773 4671 78333 2477 2610 225 906 14144 588 19938 1914 274
internal_value=-1.47252e-05 -0.000765623 -0.00123778 -0.00162697 0.00173193 0.000608551 -0.00197624 0.000723437 -0.00209805 0.00192356 0.00161728 0.0019275 0.00143634 0.00158656 0.00391396 0.000967024 0.00322815 0.00199956 0.00389143 0.00285657 -0.000115312 0.00157238 -8.46938e-05 0.000420609 -0.00303229 0.00246398 -0.00154637 -0.00273601 0.00546864 0.00125375
internal_weight=172062 120335 89567.7 74741.3 51726.5 30767.8 65875.5 14826.3 63608.3 49601.9 40178.8 33989.2 2267.19 29016 4973.24 8865.84 9423.07 10535.1 7049 4261.81 20232.7 7148.47 6189.61 5281.65 907.961 8831.95 1717.38 2124.6 2787.19 2374.07
internal_count=1296255 1127559 902505 828287 168696 225054 790767 74218 774049 147334 120798 92731 16718 83479 9252 37520 26536 46269 21436 13749 178785 28609 28067 24551 3516 32786 8911 21362 7687 5100
is_linear=0
shrinkage=0.01


Tree=3
num_leaves=31
num_cat=0
split_feature=20 11 88 131 51 145 32 82 113 36 56 13 131 73 60 88 83 127 38 34 38 55 113 36 5 48 113 113 112 127
split_gain=2154.33 792.967 1072.78 616.429 589.9 299.054 239.442 225.791 226.159 220.208 208.918 173.293 163.943 158.868 166.167 158.573 150.88 143.141 138.162 131.224 122.353 141.018 117.956 112.007 109.551 102.201 94.9905 90.468 90.1446 88.8757
threshold=0.32025641025641027 -0.34409722222222217 0.43875000000000003 -0.37367021276595741 0.40121951219512203 -0.020620748299319726 0.31322674418604657 0.010990338164251214 65.259027777777789 0.49000000000000005 0.44058823529411767 -0.3876262626262626 -0.43938775510204076 0.17416582406471184 0.47849213691026832 -1.0000000180025095e-35 0.018874643874643885 0.49000000000000005 -0.23401360544217684 0.17006802721088435 0.30521680216802177 0.43257575757575761 37.765277777777783 0.49000000000000005 0.2525510204081633 0.23252032520325203 27.267361111111114 18.156250000000004 20.193452380952383 0.18237250554323728
decision_type=2 2 2 2 2 2 2 2 2 2 2 2 2 2 2 2 2 2 2 2 2 2 2 2 2 2 2 2 2 2
left_child=1 10 3 6 13 23 -3 12 15 11 16 -5 20 14 -2 22 -1 -11 -17 -16 29 -22 -9 -4 -7 -15 -14 -8 -26 -6
right_child=4 2 5 9 7 24 27 8 -10 17 -12 -13 26 25 19 18 -18 -19 -20 -21 21 -23 -24 -25 28 -27 -28 -29 -30 -31
leaf_value=-0.00089006826727634531 -0.00077509926900961397 -0.00057181938842435051 0.0019787751724149563 -0.00030765922155326294 0.0063752209021202691 -0.0013965367101840267 -0.0045660081811906596 0.0024042674541024998 0.005297489299351834 -0.00031538465715987409 0.0022509282420090449 -0.0023377855677421755 0.00251568160228508 0.0021611986223808704 0.002749106690079784 0.0068545414330207664 0.0015630430452075075 0.0058065202254950748 0.002883333292276869 -0.00075140235816086032 0.0031182390802991155 -0.0012507676974942423 -0.00097231132109118338 0.009050989271190496 0.007161337698308329 0.00054627870258613421 0.00012811355364139668 0.005308838322358133 0.00059714600213980906 0.0019682188508398997
leaf_weight=6381.2083924891194 12452.936581932561 1545.3746637770673 9180.4052635935659 4542.4001522400213 1322.1984546120511 4871.9702252299758 96.231577859725803 2478.3605608099606 4018.1462370604277 2182.8722441805294 7588.7093806196062 58602.307470013664 2194.2699667749112 6635.438690838695 2886.6579152386403 1011.885204766877 4127.8540102527477 461.32180920289829 6772.3714097486809 1695.6210382601712 2323.4916816302866 1078.3979232325219 1769.5464441691292 229.54164831060916 239.34382355329581 9627.2612947929883 6959.396424914652 1719.2047583331587 1657.2932112631388 713.0852494535502
leaf_count=91208 86535 16700 33626 45527 2329 32185 359 5720 9353 6634 26872 768350 6991 29918 9073 1650 14144 739 12577 7772 4507 1897 4783 344 758 38311 24048 5760 7625 1302
internal_value=-2.21792e-05 -0.000914291 -0.00131759 -0.00186 0.00142071 0.00100007 0.00231544 0.00242207 0.00324108 -0.00207348 0.000986634 -0.00219191 0.00152028 0.000498904 -0.000175473 0.00255313 7.25948e-05 0.00075069 0.00340165 0.00145172 0.00289608 0.00173037 0.000995438 0.0021533 -0.000601786 0.0012059 0.000701754 0.00477767 0.00143411 0.00483781
internal_weight=167365 103426 85328.3 69149.7 63939.1 16178.6 3360.81 30641.1 16050.3 65788.9 18097.8 63144.7 14590.8 33297.9 17035.2 12032.2 10509.1 2644.19 7784.26 4582.28 5437.17 3401.89 4247.91 9409.95 6768.61 16262.7 9153.67 1815.44 1896.64 2035.28
internal_count=1297597 1050831 918607 844069 246766 74538 22819 75157 34083 821250 132224 813877 41074 171609 103380 24730 105352 7373 14227 16845 10035 6404 10503 33970 40568 68229 31039 6119 8383 3631
is_linear=0
shrinkage=0.01


Tree=4
num_leaves=31
num_cat=0
split_feature=51 12 131 88 7 53 7 2 93 131 101 138 93 100 143 63 131 84 135 88 135 47 101 53 7 100 114 63 32 101
split_gain=2129.96 805.284 816.694 461.327 597.048 254.249 317.536 160.476 147.602 147.193 167.039 154.169 141.97 137.399 119.839 118.913 111.843 109.947 106.882 103.761 102.885 99.5616 104.721 98.9323 95.3804 89.497 83.7177 82.6034 82.1953 79.1003
threshold=0.39009661835748793 -0.3876262626262626 -0.37367021276595741 0.46470099667774095 0.36023255813953492 0.49000000000000005 0.40550595238095244 -0.23436821537125485 -0.017184190456294986 -0.34021276595744671 0.05137227304714987 0.17369121561668147 -0.082900980323555404 -0.43969696969696964 0.019615384615384649 0.17416582406471184 -0.47979591836734686 0.018874643874643885 0.014087301587301539 -0.037042682926829239 0.35791925465838514 0.33503401360544227 0.16333333333333336 0.20106382978723406 -0.47894503546099287 -0.039230769230769201 19.727083333333336 0.27113095238095247 0.063301282051282062 0.21937500000000001
decision_type=2 2 2 2 2 2 2 2 2 2 2 2 2 2 2 2 2 2 2 2 2 2 2 2 2 2 2 2 2 2
left_child=1 12 24 4 7 6 9 -4 21 29 -11 -12 13 -1 28 -6 20 -15 23 -20 -8 22 -7 -18 -3 -23 -10 -16 -5 -2
right_child=5 2 3 14 15 8 16 -9 26 10 11 -13 -14 17 27 -17 18 -19 19 -21 -22 25 -24 -25 -26 -27 -28 -29 -30 -31
leaf_value=0.0043666541468759977 0.0039634222990251036 0.0076098678473646162 -0.0011668177942726751 0.0015405377589099683 -0.0007294551550728022 0.00019429411666261232 0.01007501783838907 -0.0023858707975042627 0.0069828583130648585 -0.0018592804877076634 0.0013142755758068325 -0.0016761875274593086 0.00016547813684072071 0.00035611941936721805 -0.0013811046832286585 0.0011220854667885272 0.0051319383694849686 0.0024811265542605131 0.00050658951223480654 0.0024129914209395824 0.003434880589691925 0.0075304454983598137 0.005176442006471306 0.0023724336979574863 0.0015113048701973285 0.0014923203437143795 1.4148382618630012e-05 0.0016109098858884316 -0.004772874033549041 0.001011313581108424
leaf_weight=1778.318915634125 1582.9180097424542 263.73840014380403 14050.451378488855 6399.6243713008589 6973.2491971784621 523.33222485543229 336.93805134668946 47235.558366725745 1400.3255690420046 3498.4440874257707 8029.7093048021197 2191.8089006513474 9678.6962046848494 5266.3670852668292 4006.7023240482085 6895.4130010992521 1946.1332982806489 4548.6508990982547 4858.7285688025295 6977.180353566655 786.67188038839959 260.61960302712396 2271.5591130596586 3995.1773046937597 9324.348829535651 4287.1768260733224 199.85880509484559 1195.1893741993699 211.41075661638752 2156.7718352017691
leaf_count=7460 5479 990 166585 29679 50188 1763 404 658125 2270 33136 36710 22263 64157 44517 18346 32366 3987 9703 12429 14907 1142 580 4237 8307 47014 8986 355 3905 1340 6286
internal_value=8.19338e-06 -0.000700277 -0.00108836 -0.00139379 -0.00168257 0.00185102 0.00147893 -0.00210658 0.00336244 0.00050585 2.56948e-05 0.000671949 0.00106076 0.00180724 0.00044257 0.000190413 0.00237721 0.0013421 0.00218264 0.00163135 0.00544215 0.00275953 0.00424753 0.00327873 0.00168088 0.00184212 0.00611928 -0.000691558 0.00133644 0.00226427
internal_weight=163131 117828 96555.7 86967.6 75154.7 45303.4 36360.5 61286 8942.87 17459.7 13720 10221.5 21272 11593.3 11812.9 13868.7 18900.8 9815.02 17777.2 11835.9 1123.61 7342.69 2794.89 5941.31 9588.09 4547.8 1600.18 5201.89 6611.04 3739.69
internal_count=1297616 1134375 1008538 960534 907264 163241 145050 824710 18191 103874 92109 58973 125837 61680 53270 82554 41176 54220 39630 27336 1546 15566 6000 12294 48004 9566 2625 22251 31019 11765
is_linear=0
shrinkage=0.01


Tree=5
num_leaves=31
num_cat=0
split_feature=21 11 88 52 131 65 71 145 86 41 131 88 48 145 95 11 13 36 21 144 49 82 82 144 65 108 131 110 111 39
split_gain=2271.07 758.276 785.719 669.256 352.098 298.042 281.752 251.284 182.924 167.878 170.105 164.919 162.832 156.028 155.506 142.151 128.97 116.183 120.4 115.953 113.857 113.387 113.048 183.396 117.534 111.181 101.708 101.125 98.2125 146.548
threshold=0.27113095238095247 -0.36285266457680249 0.43330039525691705 0.39897959183673476 -0.37877551020408157 0.3585714285714286 0.49000000000000005 -0.022233201581027647 0.13392857142857148 0.45698427382053664 -0.45959183673469384 0.46551268498942927 0.28319623971797891 -0.2267316017316017 1.0000000180025095e-35 -0.26020833333333326 -0.39897959183673465 0.2558265582655827 0.04027027027027031 0.014495798319327681 0.47752525252525257 0.028174603174603189 0.010990338164251214 0.39246068455134137 0.49000000000000005 0.30521680216802177 -0.39897959183673465 0.21583850931677021 60.500000000000007 0.35053191489361707
decision_type=2 2 2 2 2 2 2 2 2 2 2 2 2 2 2 2 2 2 2 2 2 2 2 2 2 2 2 2 2 2
left_child=1 14 4 9 5 -3 15 26 -8 10 -2 25 22 27 -1 -6 -16 -9 -19 -18 -7 -15 23 -5 -25 -12 -4 -14 29 -24
right_child=3 2 7 12 6 20 8 17 -10 -11 11 -13 13 21 16 -17 19 18 -20 -21 -22 -23 28 24 -26 -27 -28 -29 -30 -31
leaf_value=0.0044521487721872026 0.003742626875820115 -0.0018136673440885677 0.0044918079827108879 0.00030163152706652455 -0.0010200549541327303 0.0051666071590696482 -0.00059780711791053941 -0.0019327438293577296 0.0047611419295700468 0.001647534023224266 -0.00099031513636476678 0.001591644542402119 0.0040706820623076616 0.00084052528473759663 0.0018332562705314635 -0.0024824382121562401 -0.0019876504613823417 -0.0022800025674960928 0.0029613227694557233 0.00073684711179626495 -0.0036219514077143558 0.0028766042834512452 0.0022208627002969256 0.0042654406854751286 -0.0022680631571986706 0.00075012207514837297 0.0013843439750745726 0.0014332678146624905 0.0055928688108399169 0.0063972169633451717
leaf_weight=1243.0000518350862 1129.6037980199908 1558.4501726253657 1253.2565980583895 2899.8271394400508 7763.1984939479735 1476.0003588987747 3048.0864284590352 3670.3256723781815 803.59635960310698 7500.3240207514318 15925.607316928799 4163.4895221808692 4003.9849675188889 13286.214039168437 5942.3728268037084 47365.609757639351 2336.433999901521 675.67896298028063 1236.8433861658559 4704.3041240365128 161.67618090845644 3453.3189744679257 3797.4276368110441 3204.9358200920979 298.51813011523336 4762.1882286276668 6740.94689902963 2306.7872057638597 2524.1409029886127 1084.7507641408592
leaf_count=5743 4666 15259 2614 11836 95093 3319 18440 28122 943 32544 141726 20362 8271 36433 30686 678824 35846 3397 4866 28612 519 5534 7742 5964 553 31804 26491 5175 4844 1810
internal_value=7.33474e-06 -0.00104493 -0.0014428 0.00135352 -0.00191875 0.00131166 -0.00209399 0.000736052 0.000518608 0.000329701 -5.04033e-05 -0.00022336 0.00228319 0.00176761 0.00107297 -0.00227671 0.000748362 -0.000890588 0.00110415 -0.000165998 0.00429119 0.00126131 0.00314286 0.0021658 0.0037054 -0.000589178 0.00187325 0.00310859 0.00398583 0.00315196
internal_weight=160321 89979.8 75753.7 70341.1 62176.6 3196.13 58980.5 13577.1 3851.68 33481.2 25980.9 24851.3 36859.9 23050.3 14226.1 55128.8 12983.1 5582.85 1912.52 7040.74 1637.68 16739.5 13809.6 6403.28 3503.45 20687.8 7994.2 6310.77 7406.32 4882.18
internal_count=1298038 978774 877887 319264 812397 19097 793300 65490 19383 231102 198558 193892 88162 55413 100887 773917 95144 36385 8263 64458 3838 41967 32749 18353 6517 173530 29105 13446 14396 9552
is_linear=0
shrinkage=0.01


Tree=6
num_leaves=31
num_cat=0
split_feature=52 12 131 40 37 144 131 32 73 9 144 18 120 69 144 85 100 16 53 85 144 131 40 28 127 67 102 127 52 143
split_gain=2192.05 815.069 902.615 381.26 266.664 219.202 187.007 184.13 173.249 171.474 151.278 139.259 146.537 174.021 108.282 107.181 114.824 98.8338 98.6832 100.867 89.2266 89.0752 74.9602 73.9595 72.7652 88.4608 69.0825 68.2672 65.0549 65.2824
threshold=0.40121951219512203 -0.3876262626262626 -0.34021276595744671 0.40550595238095244 -0.3876262626262626 1.0000000180025095e-35 0.011766334440753036 -0.3876262626262626 0.17416582406471184 0.3816526610644258 0.019615384615384649 0.34529914529914535 0.44804318488529016 -0.47700845665961938 0.16333333333333336 0.018187830687830701 -0.40399385560675877 -0.42770034843205568 0.41864313292884731 0.030776515151515142 0.17006802721088435 -0.42111111111111105 -0.47894503546099287 0.26043478260869574 0.13733075435203099 0.27888888888888896 -0.29008567931456541 0.011369509043927641 -0.39897959183673465 -0.1633333333333333
decision_type=2 2 2 2 2 2 2 2 2 2 2 2 2 2 2 2 2 2 2 2 2 2 2 2 2 2 2 2 2 2
left_child=1 9 22 4 6 -2 -4 18 27 15 -6 14 21 -14 -9 16 -1 -11 23 -20 -16 -13 24 -7 25 -3 -10 -5 -24 -30
right_child=5 2 3 8 10 7 -8 11 26 17 -12 12 13 -15 20 -17 -18 -19 19 -21 -22 -23 28 -25 -26 -27 -28 -29 29 -31
leaf_value=0.0015715411580582176 -0.0028592994133817026 -0.0050539920969425488 0.0012041975013357931 -0.0024702011069154366 -0.002647620332570651 -0.0014205810428290621 -0.0015383554710250835 -0.00050548331194445197 -0.00070099585107044268 0.0037512443544567187 -0.0016279766801996715 0.0026616367182296227 0.00020409593433976688 0.0032684476953914422 0.0079644501733020338 0.0014400307605808374 -0.0012379484958872271 0.0013941096853981713 0.0041462288046020274 0.0096777933301539238 0.0014939925165622467 0.0010959503855882849 -0.0020612721185857296 0.004581901310910139 0.0086875652413396995 0.010955183953131 0.0024151427172643355 -2.1279932629352504e-05 0.0027506859617948947 0.00097857400178515998
leaf_weight=1995.3297490454279 975.80464329925599 105.83918926783372 4531.3607283674646 1837.8752613048418 25397.909590474563 510.31495775678195 5502.544574076368 4414.9962233364349 885.27331714215688 2652.6429249355569 34306.66771867458 4713.3404701279942 2212.2426983388723 11651.023052080243 238.82536245742813 4869.1181866126135 5344.9847244020784 5475.1999604376033 2679.2881809137762 379.99376453459263 2010.564828557428 16095.414309475455 545.16285848105326 340.51894571341109 271.40594450593926 49.972857960499823 3520.7725032639573 3009.9226000789204 2893.3989404571766 7504.6662239128782
leaf_count=13416 16127 432 26956 13190 502276 1817 65416 24070 4187 9442 320838 9248 5708 26374 384 12493 60908 27152 5430 542 9044 46000 4286 1104 587 217 14579 19589 12607 42436
internal_value=-5.15677e-06 -0.000768941 -0.00117607 -0.00155531 -0.00180841 0.00182383 -0.000298812 0.00192511 0.000350935 0.00103948 -0.00206193 0.0017284 0.00198294 0.00278022 0.000402546 0.000289292 -0.000472768 0.00216499 0.00400109 0.00483951 0.00218866 0.00145118 0.00145765 0.000972539 0.00556959 5.39029e-05 0.00178675 -0.000952084 0.00129572 0.00147287
internal_weight=156922 110700 90362.8 78992.3 69738.5 46222.3 10033.9 45246.5 9253.84 20337.3 59704.6 41336.4 34672 13863.3 6664.39 12209.4 7340.31 8127.84 3910.12 3059.28 2249.39 20808.8 11370.4 850.834 427.218 155.812 4406.05 4847.8 10943.2 10398.1
internal_count=1296855 1151007 1027596 967031 915486 145848 92372 129721 51545 123411 823114 120828 87330 32082 33498 86817 74324 36594 8893 5972 9428 55248 60565 2921 1236 649 18766 32779 59329 55043
is_linear=0
shrinkage=0.01


Tree=7
num_leaves=31
num_cat=0
split_feature=21 11 131 88 50 54 113 131 6 56 135 62 22 88 49 93 39 48 26 20 114 25 137 48 26 93 88 90 80 32
split_gain=2078.16 739.53 757.349 486.879 485.538 265.913 193.98 191.48 174.83 174.409 171.895 157.829 131.718 128.745 113.832 118.346 118.335 103.064 101.67 120.955 98.7666 97.4523 96.7625 128.886 124.11 96.2485 94.4669 109.956 93.7653 92.6723
threshold=0.28024390243902447 -0.36285266457680249 -0.37877551020408157 0.43330039525691705 0.37779990044798412 0.49000000000000005 64.552777777777791 -0.37367021276595741 0.49000000000000005 0.38762626262626265 0.018187830687830701 0.4587585034013606 -0.29795918367346935 -0.03062500000000001 0.34529914529914535 -0.35953891351212558 -0.086581709145427274 0.41010101010101013 -0.069805194805194801 0.14644607843137261 -7.9062499999999973 -0.44058823529411756 0.025657894736842105 0.2473404255319149 -0.44058823529411756 -0.048671515039312933 0.2950000000000001 0.010990338164251214 0.014495798319327681 0.43908472479901062
decision_type=2 2 2 2 2 2 2 2 2 2 2 2 2 2 2 2 2 2 2 2 2 2 2 2 2 2 2 2 2 2
left_child=1 9 12 5 7 8 13 -2 -4 28 21 26 -3 14 16 -16 -6 -13 19 -5 -11 -8 24 -24 -15 -7 27 -9 -1 -14
right_child=4 2 3 18 6 25 10 11 -10 20 -12 17 29 22 15 -17 -18 -19 -20 -21 -22 -23 23 -25 -26 -27 -28 -29 -30 -31
leaf_value=-0.0013932018381749437 0.0018524802174481455 -0.0012101813136765969 -0.0023697492218229081 -0.00014807510468258601 0.001134119889671403 -0.00038161242301221697 0.012753610682439893 -0.0021544108265353972 0.0009284671067943431 0.0037076137598775235 0.0017345142628500034 0.002588656262139586 0.0020510138254307341 0.0047553629342438602 -0.0074896875344371916 0.0021329195077209274 -0.0020716647551592745 -0.00036885237431550261 -0.001533408135915413 0.0023856294846677528 0.0012873645531458371 0.0043808426355910765 0.0046441293598580196 0.0020890400464355962 0.00077741623846946765 0.0034338879188360273 0.00087290051615402937 -0.00022599451467625464 0.0011168895302310455 0.0056110927756058372
leaf_weight=3396.2883767308085 7741.8909624719527 1028.7981647033012 51571.260814293288 5018.5388445561402 2579.3200632627122 2697.5669301134767 143.62427886202931 4011.2011347278021 1653.9092690196121 2274.3550649054814 3454.0240755228442 3505.7261473825783 3901.434580703266 920.63201689883135 129.876188461727 4857.2808895273483 2076.4935534378747 1765.9680147617473 2428.9015009496361 3009.2142706692393 6617.7592781283893 5093.8949720443925 3079.9480322749587 5577.5329627714818 5347.0991321236361 873.38144436758012 4817.255884600454 11298.366603755916 2644.4148348881863 906.18691365350969
leaf_count=53407 33977 7165 788407 36733 7705 10155 224 64464 4570 7822 10101 12904 17594 1898 361 11277 6868 7129 9381 14734 32179 11454 7046 11965 13262 3544 27811 71071 9850 1853
internal_value=-2.74258e-06 -0.00101037 -0.00142473 -0.00172469 0.00133284 -0.00208979 0.00218649 0.000475775 -0.00226706 0.00101705 0.00347162 5.56818e-05 0.00202967 0.00173132 0.000828976 0.00187887 -0.000293651 0.00159614 0.000257415 0.000800621 0.00190787 0.00461474 0.00231355 0.00299961 0.00136398 0.000549482 -0.000347363 -0.000732012 -0.000292711 0.00272516
internal_weight=154422 88022 73089.2 67252.8 66400.1 56796.1 33259.7 33140.4 53225.2 14932.8 8691.54 25398.5 5836.42 24568.2 9642.97 4987.16 4655.81 5271.69 10456.7 8027.75 8892.11 5237.52 14925.2 8657.48 6267.73 3570.95 20126.8 15309.6 6040.7 4807.62
internal_count=1296911 997394 894136 867524 299517 806676 82161 217356 792977 103258 21779 183379 26612 60382 26211 11638 14573 20033 60848 51467 40001 11678 34171 19011 15160 13699 163346 135535 63257 19447
is_linear=0
shrinkage=0.01


Tree=8
num_leaves=31
num_cat=0
split_feature=52 130 11 88 7 144 54 85 60 130 145 40 144 63 96 82 93 101 126 143 110 38 145 18 38 93 24 40 145 126
split_gain=2026.71 811.633 897.536 454.289 538.765 252.383 192.139 183.901 243.315 154.575 147.549 166.717 140.534 124.917 121.238 103.751 102.05 92.626 102.507 83.3817 103.081 83.334 110.252 83.0266 81.3797 79.1147 92.7412 73.0849 69.574 67.847
threshold=0.3816526610644258 -0.38318181818181812 -0.36285266457680249 0.46470099667774095 0.40550595238095244 1.0000000180025095e-35 0.49000000000000005 0.020620748299319761 0.42153846153846164 0.019615384615384649 -0.26429738562091498 0.05137227304714987 0.023268398268398275 0.20900537634408609 1.0000000180025095e-35 0.11805555555555559 -0.019255382231039116 -0.45789007092198575 -0.1633333333333333 -0.15978723404255316 -0.39897959183673465 0.28024390243902447 -0.33935483870967736 0.29795918367346946 0.43813775510204089 -0.15538470674176355 0.47979591836734697 -0.059411764705882351 -0.46076923076923076 -0.0729483282674772
decision_type=2 2 2 2 2 2 2 2 2 2 2 2 2 2 2 2 2 2 2 2 2 2 2 2 2 2 2 2 2 2
left_child=1 17 7 4 12 -2 10 8 -3 -5 25 24 -4 -6 -10 -13 21 18 -1 29 23 -8 -23 -21 -12 -7 -27 -18 -22 -19
right_child=5 2 3 9 13 6 16 -9 14 -11 11 15 -14 -15 -16 -17 27 19 -20 20 28 22 -24 -25 -26 26 -28 -29 -30 -31
leaf_value=-0.0013175668399511809 -0.0031400550647473005 -0.001339971250173053 -0.0027279403328983134 0.0011873159105995456 -0.00047545955543662618 0.00078542848515491626 0.0034259719013110192 0.0019145350976665879 0.0029687598453706997 -0.0014263290691827275 -0.00067813466351943584 0.0011893537139746088 -0.0017111276872846814 0.0020783283804496283 -0.00013251066269456311 0.0042756915078828346 -0.00021644948354237675 0.001585083456637465 0.0077985491363700621 0.001433905958341758 0.0054453533973413647 0.0054722153486894878 0.00060795874666875723 0.0075997151261322686 -0.0063373389406818758 0.0036578896685705927 0.00099108810182664412 0.0057720324880138011 -0.00035520258849353601 0.0046501725671484612
leaf_weight=155.9461726131849 1089.1158538553864 6307.6448804346728 29828.407580776024 7054.3120582017873 5022.0897235304874 2049.6014614818851 4233.8216758206254 8524.1401920788921 2846.4731759176357 3327.9965437821229 2446.9468677475234 27315.628166449635 25135.20254065434 3090.9638868652983 2251.028098476876 1136.6141911912709 228.03552742861211 1348.0389021541923 554.21720024966635 547.80361659819027 222.84180287620984 550.15762570407242 3065.3937044143677 368.60457868664525 283.58167718630284 5473.9312539147795 1727.6285548303276 1688.1633922145702 2702.9680209715734 1590.8527582675451
leaf_count=784 21296 84338 587312 38191 35316 6000 8825 21709 14213 18928 17360 86455 262935 14289 14166 1730 476 5980 1510 3353 753 928 6259 1623 1115 14436 3773 2703 14444 6052
internal_value=-1.24865e-06 -0.000824205 -0.00107833 -0.001589 -0.00190806 0.00161721 0.00172068 0.000803467 -2.61575e-05 0.000348505 0.00141611 0.00108645 -0.00226317 0.000496403 0.00159754 0.00131314 0.00298047 0.00234216 0.00578362 0.00197947 0.00100548 0.00247233 0.0013522 0.00393044 -0.00127164 0.00252595 0.00301975 0.00505442 8.48847e-05 0.00324867
internal_weight=152168 100880 93388.3 73459 63076.7 51288.6 50199.5 19929.3 11405.1 10382.3 40433.9 31182.8 54963.6 8113.05 5097.5 28452.2 9765.57 7491.27 710.163 6781.11 3842.22 7849.37 3615.55 916.408 2730.53 9251.16 7201.56 1916.2 2925.81 2938.89
internal_count=1297252 1125896 1091397 956971 899852 171356 150060 134426 112717 57119 130869 106660 850247 49605 28379 88185 19191 34499 2294 32205 20173 16012 7187 4976 18475 24209 18209 3179 15197 12032
is_linear=0
shrinkage=0.01


Tree=9
num_leaves=31
num_cat=0
split_feature=41 131 13 53 50 8 32 82 131 62 1 86 26 23 71 7 48 125 131 111 62 39 111 131 93 62 124 125 131 93
split_gain=2079.96 1185.05 563.201 386.448 340.284 217.897 208.439 160.61 212.282 154.836 151.956 164.393 154.27 133.44 116.472 105.222 102.724 127.45 95.7988 94.1589 92.5732 88.4552 82.0053 78.4946 114.671 90.3235 94.7079 106.593 78.3327 78.2288
threshold=0.3585714285714286 -0.37367021276595741 -0.3876262626262626 0.42052631578947375 0.27664399092970526 -0.34150717703349281 -0.3876262626262626 0.010990338164251214 -0.23401360544217684 0.2525510204081633 -0.16496598639455781 0.018543956043956093 -0.43142633228840116 -0.30901722391084091 0.49000000000000005 -0.47979591836734686 0.43813775510204089 -0.17928571428571424 -0.47979591836734686 17.500000000000004 0.29795918367346946 -0.45959183673469384 60.500000000000007 -0.43683510638297868 -0.099681984998995873 0.49000000000000005 0.3585714285714286 -0.27888888888888885 -0.45789007092198575 -0.063856281973435389
decision_type=2 2 2 2 2 2 2 2 2 2 2 2 2 2 2 2 2 2 2 2 2 2 2 2 2 2 2 2 2 2
left_child=1 9 5 10 23 -3 -5 8 18 -1 11 -4 -12 19 -8 -11 22 -18 20 -9 -6 -20 -15 24 -2 -25 27 -27 -17 -7
right_child=4 2 3 6 7 29 14 13 -10 15 12 -13 -14 16 -16 28 17 -19 21 -21 -22 -23 -24 25 -26 26 -28 -29 -30 -31
leaf_value=0.0012624804670750952 -0.0011749498013009301 0.0022444796244575145 -0.0019272719127552504 0.002591480290158237 0.0075226727655045428 0.0003537518814130662 -0.001323865971354429 -0.0036282040235674313 -0.00072958851801129877 0.0088652546678019244 -5.4864783184956099e-05 -9.0933858597472435e-05 -0.0023396746180397942 0.0024233335591672309 0.0020477551474300647 0.0051675676775586356 0.0076203654496697247 0.00096611390779195933 0.0048939468472070135 0.0065595236123373694 0.0025953929622642719 0.0014454836601095822 0.0041131289880601725 -0.00026115592149322586 0.0032887236564490344 -0.0078776308506086877 -0.00060622749001569695 0.0035860071675342456 0.002278822636490983 -0.0017842440446963223
leaf_weight=5421.0178348040208 809.84019739483483 5309.0672791042016 11144.381624519592 2826.6331853240845 568.21064224094152 4808.5035731751705 5217.3611875802744 95.900718588382006 3557.0831499033957 374.01608067797497 3191.5504515662324 8686.5332072083838 41483.91940736468 7955.8984976753127 1272.1484121807152 1470.4085448232945 305.59985863417387 4883.1051603660453 801.52119390375447 1248.2137984295841 1193.2258344930597 10775.546153864416 4553.2851544545847 11448.323335620924 1961.076152849826 83.528636701405048 1117.2245726846159 1788.9274222730892 2663.5143343782984 2651.6082609697478
leaf_count=29073 3780 26834 211140 15483 855 39160 43356 236 20600 646 28705 45510 603867 18552 3676 3957 576 10785 1881 2732 1859 29727 10568 87857 6676 251 3864 4376 10972 29820
internal_value=7.34665e-06 -0.000867349 -0.00124264 -0.00157809 0.00159608 0.000695903 0.000324825 0.00214985 0.00143877 0.00240438 -0.00185307 -0.00112345 -0.00217668 0.00278014 -0.000661168 0.00377476 0.00254816 0.00136135 0.00201779 0.00582305 0.00419389 0.0016855 0.00303949 0.000438984 0.00198059 0.000142312 0.00169022 0.00306535 0.00330975 -0.00040497
internal_weight=149667 96520.7 86591.7 73822.5 53146.5 12769.2 9316.14 35937.6 16895.6 9928.96 64506.4 19830.9 44675.5 19042 6489.51 4507.94 17697.9 5188.71 13338.5 1344.11 1761.44 11577.1 12509.2 17208.9 2770.92 14438 2989.68 1872.46 4133.92 7460.11
internal_count=1297374 1092199 1047551 951737 205175 95814 62515 98371 54922 44648 889222 256650 632572 43449 47032 15575 40481 11361 34322 2968 2714 31608 29120 106804 10456 96348 8491 4627 14929 68980
is_linear=0
shrinkage=0.01


end of trees

feature_importances:
global_ls_ratio=18
btc_vol_24h=14
ls_divergence=11
regime_btc_dd_720=10
funding_rate_binance=9
close_ma336_ratio=7
rsi_24=7
ret_168h=6
close_ma6_ratio=6
gk_vol_168h=6
vol_price_corr_48h=6
macd=6
fng_ma30=6
btc_beta_168h=6
top_long_pct=6
close_ma720_ratio=5
ret_std_48h=5
ret_skew_168h=5
bb_width_48=5
btc_ret_168h=5
close_ma24_ratio=4
ret_kurt_168h=4
ret_mean_168h=4
mom_7d=4
vol_12h_cs_rank=4
fng_value=4
top_ls_zscore=4
close_ma12_ratio=3
gk_vol_24h=3
ret_skew_48h=3
ret_sharpe_48h=3
vol_price_corr_168h=3
macd_signal=3
bb_high_20=3
bb_high_48=3
bb_pband_48=3
atr_24=3
stoch_d=3
cci_48=3
eth_ret_12h=3
mom_3d=3
fng_ma7=3
fng_momentum=3
oi_change_24h=3
ret_1h=2
ret_4h=2
ret_48h=2
close_ma168_ratio=2
gk_vol_48h=2
ret_kurt_48h=2
ret_std_168h=2
ret_sharpe_168h=2
rsi_12=2
rsi_14=2
macd_diff=2
btc_ret_4h=2
btc_ret_12h=2
eth_ret_1h=2
eth_ret_24h=2
vwap_12h_dist=2
reversal_12v48=2
ret_skew_168h_cs=2
btc_beta_48h=2
global_long_pct=2
top_ls_change_24h=2
ret_2h=1
ret_72h=1
close_open_ratio=1
high_close_ratio=1
close_ma72_ratio=1
vol_ma72_ratio=1
vol_ma720_ratio=1
gk_vol_12h=1
ret_skew_24h=1
ret_sharpe_24h=1
vwap_dev_24h=1
vol_price_corr_24h=1
atr_48=1
adx=1
adx_neg=1
obv_ma_ratio_24=1
btc_ret_1h=1
btc_ret_24h=1
btc_ret_48h=1
eth_ret_4h=1
market_dispersion=1
breadth_pct_positive=1
regime_breadth_bullish=1
mom_accel_12h=1
direction_quality_12h=1
ret_skew_48h_cs=1
oi_zscore_7d=1
oi_ret_interaction_12h=1
oi_change_12h_cs=1
taker_cvd_24h=1

parameters:
[boosting: gbdt]
[objective: lambdarank]
[metric: ndcg]
[tree_learner: serial]
[device_type: cpu]
[data_sample_strategy: bagging]
[data: ]
[valid: ]
[num_iterations: 5000]
[learning_rate: 0.01]
[num_leaves: 31]
[num_threads: 14]
[seed: 789]
[deterministic: 0]
[force_col_wise: 0]
[force_row_wise: 0]
[histogram_pool_size: -1]
[max_depth: 6]
[min_data_in_leaf: 200]
[min_sum_hessian_in_leaf: 0.001]
[bagging_fraction: 0.7]
[pos_bagging_fraction: 1]
[neg_bagging_fraction: 1]
[bagging_freq: 1]
[bagging_seed: 1300]
[bagging_by_query: 0]
[feature_fraction: 0.5]
[feature_fraction_bynode: 1]
[feature_fraction_seed: 15719]
[extra_trees: 0]
[extra_seed: 29795]
[early_stopping_round: 0]
[early_stopping_min_delta: 0]
[first_metric_only: 0]
[max_delta_step: 0]
[lambda_l1: 1]
[lambda_l2: 1]
[linear_lambda: 0]
[min_gain_to_split: 0.01]
[drop_rate: 0.1]
[max_drop: 50]
[skip_drop: 0.5]
[xgboost_dart_mode: 0]
[uniform_drop: 0]
[drop_seed: 25829]
[top_rate: 0.2]
[other_rate: 0.1]
[min_data_per_group: 100]
[max_cat_threshold: 32]
[cat_l2: 10]
[cat_smooth: 10]
[max_cat_to_onehot: 4]
[top_k: 20]
[monotone_constraints: ]
[monotone_constraints_method: basic]
[monotone_penalty: 0]
[feature_contri: ]
[forcedsplits_filename: ]
[refit_decay_rate: 0.9]
[cegb_tradeoff: 1]
[cegb_penalty_split: 0]
[cegb_penalty_feature_lazy: ]
[cegb_penalty_feature_coupled: ]
[path_smooth: 0]
[interaction_constraints: ]
[verbosity: -1]
[saved_feature_importance_type: 0]
[use_quantized_grad: 0]
[num_grad_quant_bins: 4]
[quant_train_renew_leaf: 0]
[stochastic_rounding: 1]
[linear_tree: 0]
[max_bin: 255]
[max_bin_by_feature: ]
[min_data_in_bin: 3]
[bin_construct_sample_cnt: 200000]
[data_random_seed: 2615]
[is_enable_sparse: 1]
[enable_bundle: 1]
[use_missing: 1]
[zero_as_missing: 0]
[feature_pre_filter: 1]
[pre_partition: 0]
[two_round: 0]
[header: 0]
[label_column: ]
[weight_column: ]
[group_column: ]
[ignore_column: ]
[categorical_feature: ]
[forcedbins_filename: ]
[precise_float_parser: 0]
[parser_config_file: ]
[objective_seed: 20590]
[num_class: 1]
[is_unbalance: 0]
[scale_pos_weight: 1]
[sigmoid: 1]
[boost_from_average: 1]
[reg_sqrt: 0]
[alpha: 0.9]
[fair_c: 1]
[poisson_max_delta_step: 0.7]
[tweedie_variance_power: 1.5]
[lambdarank_truncation_level: 5]
[lambdarank_norm: 1]
[label_gain: ]
[lambdarank_position_bias_regularization: 0]
[eval_at: 1,2,3,4,5]
[multi_error_top_k: 1]
[auc_mu_weights: ]
[num_machines: 1]
[local_listen_port: 12400]
[time_out: 120]
[machine_list_filename: ]
[machines: ]
[gpu_platform_id: -1]
[gpu_device_id: -1]
[gpu_use_dp: 0]
[num_gpu: 1]

end of parameters

pandas_categorical:[]
