tree
version=v4
num_class=1
num_tree_per_iteration=1
label_index=0
max_feature_idx=22
objective=binary sigmoid:1
feature_names=ret_12h ret_24h ret_48h residual_12h residual_24h mom_z_24h oi_chg_12h oi_chg_24h oi_zscore taker_cvd_12h taker_cvd_24h ls_divergence atr_14 rvol_12h gk_vol_24h rvol_24h iv_rv_spread pct_coins_up_12h pct_coins_up_1h hour_sin hour_cos dow_sin dow_cos
feature_infos=[-0.47142857142857142:0.5] [-0.47142857142857142:0.5] [-0.47142857142857142:0.5] [-0.47142857142857142:0.5] [-0.47142857142857142:0.5] [-0.47142857142857142:0.5] [-0.47142857142857142:0.5] [-0.47142857142857142:0.5] [-0.47142857142857142:0.5] [-0.47142857142857142:0.5] [-0.47142857142857142:0.5] [-0.47142857142857142:0.5] [-0.47142857142857142:0.5] [-0.47142857142857142:0.5] [-0.47142857142857142:0.5] [-0.47142857142857142:0.5] [-0.47142857142857142:0.5] [0.014285714285714235:0.016129032258064502] [0.014285714285714235:0.016129032258064502] [0.014285714285714235:0.016129032258064502] [0.014285714285714235:0.016129032258064502] [0.014285714285714235:0.016129032258064502] [0.014285714285714235:0.016129032258064502]
tree_sizes=7114 7195 7165 7175 7140 7152 7176 7165 7196

Tree=0
num_leaves=63
num_cat=0
split_feature=12 2 11 1 8 16 14 5 10 1 11 19 10 12 8 2 13 11 5 11 1 11 13 11 5 10 6 16 4 8 19 10 14 11 2 5 10 2 11 6 11 14 13 8 7 10 16 8 19 11 10 5 1 5 4 1 11 5 1 5 11 16
split_gain=480.438 274.76 100.222 97.9404 93.3673 74.6849 67.7262 59.6172 57.2635 78.3082 57.1771 54.6538 58.7963 51.5275 67.8485 51.2574 50.9526 40.9199 40.426 40.1024 38.657 44.4712 36.9248 45.0345 36.5329 35.3186 33.8006 33.7307 33.5236 33.3555 32.6626 47.347 32.5123 32.2702 32.1839 31.3926 31.1629 30.3714 29.8835 29.7811 33.0357 43.6581 29.383 29.3569 31.0956 29.3441 28.547 28.5267 28.2479 34.5893 49.4199 28.0878 49.7847 43.5902 31.9283 31.927 27.6516 36.5145 27.3537 59.5586 38.658 33.2208
threshold=-0.078201368523949141 0.31623376623376631 0.11527514231499054 0.37689393939393945 0.23861480075901334 -0.26806722689075629 0.46922348484848492 -0.41302521008403353 0.32807881773399022 -0.19407308377896609 0.069047619047619038 0.014928698752228133 -0.10948191593352884 -0.40473790322580638 -0.46922348484848481 -0.061553030303030297 -0.41042780748663094 -0.26568627450980387 0.26806722689075635 -0.46720430107526878 0.30151515151515157 0.46922348484848492 -0.21651785714285712 -0.32555780933062872 -0.32085561497326193 -0.15669642857142854 0.25378787878787884 0.37689393939393945 0.30947580645161293 -0.28456439393939387 0.015388257575757571 -0.36881720430107523 0.078201368523949225 0.46824596774193555 0.47100840336134459 -0.11942959001782531 0.090992647058823553 -0.028991596638655467 -0.23030303030303029 -0.43844696969696967 0.32085561497326209 0.48571428571428577 0.28456439393939398 0.083426028921023368 0.40161290322580651 -0.15669642857142854 -0.084440227703984808 -0.47100840336134447 0.015877016129032254 0.31534090909090917 0.41042780748663105 0.14611005692599624 -0.057983193277310933 -0.044786096256684498 0.037053571428571415 0.14928698752228167 0.47100840336134459 0.46922348484848492 -0.057983193277310933 1.0000000180025095e-35 0.37689393939393945 -0.12132352941176471
decision_type=2 2 2 2 2 2 2 2 2 2 2 2 2 2 2 2 2 2 2 2 2 2 2 2 2 2 2 2 2 2 2 2 2 2 2 2 2 2 2 2 2 2 2 2 2 2 2 2 2 2 2 2 2 2 2 2 2 2 2 2 2 2
left_child=4 3 5 7 11 34 25 46 18 -10 15 12 22 14 24 38 36 45 -6 29 21 26 35 -24 -13 33 -16 -22 -29 -18 51 -32 -33 -4 -3 -1 -15 -38 42 -5 -41 -42 -9 44 -30 -7 -2 -40 49 -11 -51 52 53 54 -12 -53 -8 -58 59 60 61 -14
right_child=1 2 6 39 8 17 56 10 9 48 30 13 58 16 20 -17 19 -19 -20 -21 27 -23 23 -25 -26 -27 -28 28 43 -31 31 32 -34 -35 -36 -37 37 -39 47 40 41 -43 -44 -45 -46 -47 -48 -49 -50 50 -52 55 -54 -55 -56 -57 57 -59 -60 -61 -62 -63
leaf_value=-0.031370568659939979 -0.043191187794850816 -0.046023723533833515 -0.039855961627182128 -0.051830335355933843 -0.037839357331114369 -0.051114105350574417 -0.045806102617583166 -0.03600895994712644 -0.051174238789587899 -0.04151835691850999 -0.040845526631555266 -0.0040750195140787232 -0.049919240223548725 -0.041888573699919947 -0.03641036094522606 -0.039867791249363918 -0.043173874706958319 -0.041382644537819299 -0.040876960218817288 -0.039197551897146438 -0.054900661205236206 -0.057878396649777189 -0.032328800153768711 -0.038450078964910248 -0.029437395744296477 -0.041825599567345724 -0.045075183892640647 -0.023447594714201467 -0.032870691899253582 -0.026995661570087665 -0.064523179467306763 -0.019559276604672361 -0.035655744069198442 -0.034123435516854358 -0.050762084177963449 -0.035263620255948189 -0.068006524301973639 -0.046330073061090438 -0.026568490703465085 -0.044210604256906018 -0.037941261361321151 -0.053390788254612645 -0.039864740352333831 -0.042802704459474622 -0.0094036925779526354 -0.043424416890179937 -0.039892011078992269 -0.038918176717930936 -0.054539047946942677 -0.042793229689384191 -0.022812875515346116 -0.036205534254584518 -0.042960722649591769 -0.036175193631410162 -0.029346605192673632 -0.040169803980769865 -0.045103488072759997 -0.035604014181524105 -0.036600523561042993 -0.044986316202001338 -0.04344378869806307 -0.037081857421737169
leaf_weight=3111.027153968811 6166.3262128829956 5827.9592142105103 4503.4798250198364 355.86012268066406 11227.836693763733 758.95168018341064 3997.4287376403809 9097.1741895675659 821.42712306976318 2358.8228216171265 15533.394315719604 84.466798782348633 183.67780208587646 296.88330459594727 3049.5513181686401 22904.247067451477 155.18900012969971 5132.4825839996338 6076.3615751266479 17643.314972877502 54.728487968444824 98.711199760437012 1451.929292678833 4235.5851259231567 130.19882297515869 8143.0492258071899 466.31670570373535 367.60550594329834 543.53635311126709 434.57918071746826 40.484086990356445 153.68958950042725 421.08448505401611 1098.568187713623 1659.8475666046143 4662.6672534942627 109.20707416534424 124.95088577270508 169.18349933624268 4937.3093004226685 1643.6039514541626 181.92848968505859 2210.8809728622437 254.89980697631836 55.228291511535645 1087.0727062225342 3824.2468099594116 15566.631251335144 125.95049285888672 213.91591644287109 230.90923690795898 2513.0122146606445 8142.0496187210083 2197.3862771987915 219.41375541687012 6703.8649234771729 843.66838073730469 639.24873161315918 15136.300400733948 1153.0467739105225 1010.6027641296387 10411.157704353333
leaf_count=12449 24675 23321 18021 1424 44929 3037 15996 36403 3287 9439 62158 338 735 1188 12203 91653 621 20538 24315 70601 219 395 5810 16949 521 32585 1866 1471 2175 1739 162 615 1685 4396 6642 18658 437 500 677 19757 6577 728 8847 1020 221 4350 15303 62291 504 856 924 10056 32581 8793 878 26826 3376 2558 60569 4614 4044 41661
internal_value=-0.0396502 -0.0407567 -0.0431083 -0.0399873 -0.0378975 -0.0449945 -0.0416888 -0.0397352 -0.0396345 -0.0429943 -0.03948 -0.0373368 -0.0366771 -0.0384799 -0.035808 -0.0388235 -0.0392071 -0.042761 -0.038906 -0.0389401 -0.0365349 -0.0381206 -0.0350487 -0.0368864 -0.0193391 -0.0405644 -0.0375608 -0.0320479 -0.0310121 -0.0312515 -0.0403928 -0.0335456 -0.0313243 -0.038731 -0.0470754 -0.0337048 -0.0483585 -0.0565172 -0.0379391 -0.0433821 -0.0429359 -0.0394876 -0.0367628 -0.0342847 -0.0306593 -0.0465904 -0.0419285 -0.0387846 -0.0406976 -0.0400707 -0.0324069 -0.0405123 -0.0410151 -0.0401325 -0.0406847 -0.0390887 -0.0445084 -0.0410085 -0.037463 -0.0384864 -0.0378402 -0.0373054
internal_weight=222954 136674 33691.8 102982 86280.6 14466.3 19225.4 95863.1 21055.2 3751.03 85872.5 65225.4 41356 23869.4 5105.24 49948.1 18764.1 6978.51 17304.2 18233.1 4890.58 3614.58 13461.2 5687.51 214.666 13745.1 3515.87 1276 1221.27 589.768 35924.4 615.258 574.774 5602.05 7487.81 7773.69 531.041 234.158 27043.9 7118.7 6762.84 1825.53 11308.1 853.664 598.765 1846.02 9990.57 15735.8 2929.6 2803.65 444.825 35309.1 26092.2 17950.2 15752.8 9216.88 5480.35 1482.92 27894.8 12758.5 11605.4 10594.8
internal_count=892167 546909 134820 412089 345258 57888 76932 383603 84254 15010 343625 261004 165489 95515 20429 199871 75086 27925 69244 72961 19570 14464 53866 22759 859 55002 14069 5106 4887 2360 143754 2462 2300 22417 29963 31107 2125 937 108218 28486 27062 7305 45250 3416 2396 7387 39978 62968 11723 11219 1780 141292 104410 71829 63036 36882 21930 5934 111623 51054 46440 42396
is_linear=0
shrinkage=1


Tree=1
num_leaves=63
num_cat=0
split_feature=12 2 11 1 10 15 14 5 1 5 5 11 2 15 1 10 11 13 7 14 10 7 10 0 11 11 10 11 1 1 11 5 1 5 15 14 14 11 14 9 15 15 10 11 14 17 12 15 15 17 15 14 1 15 7 11 5 14 11 13 2 5
split_gain=452.046 258.556 94.3253 92.2153 82.4668 70.296 63.7363 56.6711 77.8444 59.3331 56.1719 54.38 48.1553 42.9388 50.8252 41.0849 38.5156 37.9025 37.7968 34.0471 33.2335 32.7951 31.9437 37.1658 30.9974 32.1996 34.148 30.6639 30.6587 30.6068 30.3611 30.3359 44.5629 40.9094 33.0883 41.824 29.9445 29.8513 29.6218 45.9614 29.3912 28.7144 27.6269 27.5018 54.2721 28.4912 28.0446 26.8635 27.0681 26.7803 26.0826 26.0605 32.732 28.4918 43.2553 26.0244 34.3615 25.7299 25.2744 34.555 26.3492 25.2732
threshold=-0.078201368523949141 0.31623376623376631 0.11527514231499054 0.36038961038961043 0.37298387096774199 0.29705882352941182 0.46922348484848492 0.2611408199643494 0.11596638655462189 0.10771780303030305 -0.41302521008403353 0.069047619047619038 -0.061553030303030297 -0.38057040998217462 -0.046920821114369508 -0.10303030303030301 -0.26568627450980387 -0.38403361344537806 0.11916835699797164 -0.30947580645161282 -0.15669642857142854 -0.38057040998217462 -0.35504201680672259 0.41302521008403364 0.3550420168067227 0.41302521008403364 0.44028520499108742 -0.46609195402298847 -0.014928698752228157 -0.18660714285714283 0.46824596774193555 0.14611005692599624 -0.046920821114369508 -0.044786096256684498 0.23128342245989311 0.36405529953917054 -0.16190476190476188 0.41302521008403364 0.41302521008403364 -0.4541871921182265 -0.442016806722689 -0.27281105990783405 -0.15669642857142854 0.32085561497326209 0.48571428571428577 0.014495798319327681 0.2611408199643494 0.11527514231499054 -0.18156682027649768 0.014928698752228133 -0.27772177419354832 -0.11527514231499052 0.13046218487394959 -0.41042780748663094 -0.32085561497326193 0.47100840336134459 0.46922348484848492 -0.40473790322580638 -0.32555780933062872 0.40767045454545459 -0.21651785714285712 0.4781385281385282
decision_type=2 2 2 2 2 2 2 2 2 2 2 2 2 2 2 2 2 2 2 2 2 2 2 2 2 2 2 2 2 2 2 2 2 2 2 2 2 2 2 2 2 2 2 2 2 2 2 2 2 2 2 2 2 2 2 2 2 2 2 2 2 2
left_child=4 3 5 10 7 16 20 8 9 15 47 12 38 14 -6 19 42 -10 24 21 30 -1 -7 61 -15 41 50 -21 37 -20 -4 32 33 -13 35 49 -31 -17 58 -40 -23 -26 -3 45 -45 -5 -47 48 -2 -33 -27 52 -9 54 -54 -8 -57 -55 59 60 -12 -24
right_child=1 2 6 43 13 22 55 51 17 -11 11 31 -14 18 -16 28 -18 -19 29 27 -22 40 23 -25 25 26 -28 -29 -30 36 -32 34 -34 -35 -36 -37 -38 -39 39 -41 -42 -43 -44 44 -46 46 -48 -49 -50 -51 -52 -53 53 57 -56 56 -58 -59 -60 -61 -62 -63
leaf_value=0.010899280197687929 -0.0053449373438370536 -0.011123335948122308 -0.0001995527006992512 -0.0021609621944826663 -0.011679379429166184 -0.011698686850873472 -0.0059720321919441658 -0.002596108495352327 0.0069229310801671223 -0.0017011242565423688 0.0056319639967446003 -0.00094671360037675034 -0.00020595189287056501 0.0021078896375922541 -0.00061666359320393578 0.0012311410785356938 -0.0016805029593020798 0.0034483228746757626 -0.0077788628354785181 0.0086866013216542592 -0.0021102028531918113 -8.2497201777001947e-05 -0.0041464244810217633 -0.0094755340607374297 -0.026401693235595505 0.012823090990858247 0.02274446585147755 0.0018422170512298697 0.0034709310515156628 -0.0029300052605042907 0.0053605943541457542 0.0012621270222819263 -0.0030705197656198391 0.0033798869191801737 0.0026340761450360669 -0.013918785885959689 0.0033942364727678966 -0.0035766726139784639 -0.025467449985306524 -0.0011025911779124586 0.0053650668329407398 -0.0050526861215945988 -0.0036613472266084596 0.0011981281118562499 -0.014983422106350897 -0.0037799859536822192 -0.0095683341130692583 -0.0034349923685959983 0.0010113994412680319 -0.0034807332984275454 -0.014615286035115896 -0.0024261218066222246 0.02474266547300924 -0.0035745816207977165 0.0033648205891273564 -0.0052904652954989771 0.0039247243030377946 0.0012867082891487509 0.0013762185199419929 -0.0067539223386824439 0.0015828563326225427 -0.015856774764869581
leaf_weight=773.01301990449429 748.9519919604063 758.75432388484478 4503.4612961858511 2233.1392315924168 651.9547755420208 1196.0772362798452 3996.9031561017036 1965.2426280528307 4137.3791121989489 3737.8829586356878 3676.7699473053217 16000.141020089388 22869.411173671484 5692.8574339598417 874.41832184791565 18177.068085357547 5132.3023264110088 8922.6099160909653 732.62528011202812 629.56991384923458 8142.6884589344263 1103.4101990163326 3903.3685889542103 2214.7499785423279 94.212489828467369 46.730265110731125 54.479748830199242 8986.1587510704994 5445.0837491154671 2178.6589826494455 1098.6801366209984 3147.768347337842 8262.4593895971775 2241.5142531245947 4408.8527756780386 212.66755270957947 974.37893511354923 1240.7114018648863 71.72332988679409 1668.3731968402863 4636.7132593095303 141.69600130617619 1086.9874678552151 1728.1059320569038 208.10297799110413 1531.747139364481 1485.5069523304701 6165.873958915472 3075.2763473689556 1623.1329540908337 89.214254096150398 2303.3845447748899 86.47131721675396 1112.0710040032864 3305.302672341466 843.57088708877563 639.29736912250519 8189.9136091917753 18957.286231085658 278.38937830924988 2385.7076090723276 172.39874923229218
leaf_count=3093 2997 3037 18021 8937 2609 4787 15996 7864 16555 14957 14712 64027 91514 22780 3499 72735 20538 35703 2932 2519 32585 4415 15622 8864 377 187 218 35957 21788 8718 4396 12596 33065 8969 17642 851 3899 4965 287 6676 18553 567 4350 6915 833 6130 5945 24675 12306 6495 357 9217 346 4450 13226 3376 2558 32772 75857 1114 9546 690
internal_value=-6.34385e-09 -0.00107333 -0.00335465 -0.000326992 0.0017001 -0.00518466 -0.00197755 0.00206437 0.00251188 0.00191685 -8.10878e-05 0.000166801 0.000807309 -0.000661261 -0.0053464 0.00224679 -0.00301775 0.00454952 5.39822e-05 0.00342598 -0.000886725 0.00510071 -0.0072037 -0.0063473 0.00152326 -0.00626998 0.00290141 0.0022912 0.00148173 -0.00225965 0.000891654 -0.000723707 -0.00124286 -0.00041491 0.000741249 -0.000933485 -0.000975177 0.000923774 0.00166432 -0.00212091 0.00431806 -0.0136541 -0.00673321 -0.00360432 -0.000547895 -0.00473113 -0.00663203 -0.00220999 -0.000234523 -0.000351857 -0.00515871 0.000539671 0.00100582 0.00156363 0.00391697 -0.00471298 -0.00131763 0.00070521 0.00192475 0.00356424 0.00403908 -0.00464552
internal_weight=222953 136670 33689.2 102981 86283.2 14464.6 19224.6 74752 57789.6 44729.6 95794.3 85804.2 49907.7 11531.2 1526.37 40991.7 6978.04 13060 10004.9 16128.9 13744.8 6513.14 7486.59 6290.52 6119.19 426.333 190.424 9615.73 24862.9 3885.66 5602.14 35896.5 26504.1 18241.7 9392.42 4983.57 3153.04 19417.8 27038.2 1740.1 5740.12 235.908 1845.74 7186.6 1936.21 5250.39 3017.25 9990.1 3824.23 4770.9 135.945 16962.4 14659 12693.8 3391.77 5479.77 1482.87 9301.98 25298.2 6340.87 6062.48 4075.77
internal_count=892167 546909 134820 412089 345258 57888 76932 299115 231240 178982 383329 343351 199706 46143 6108 164025 27925 52258 40035 64537 55002 26061 29963 25176 24486 1706 762 38476 99488 15549 22417 143645 106061 72996 37584 19942 12617 77700 108192 6963 22968 944 7387 28760 7748 21012 12075 39978 15303 19091 544 67875 58658 50794 13572 21930 5934 37222 101229 25372 24258 16312
is_linear=0
shrinkage=0.03


Tree=2
num_leaves=63
num_cat=0
split_feature=12 2 11 1 8 15 14 9 1 5 18 11 12 8 13 2 9 9 11 11 1 11 5 5 11 9 8 15 18 14 11 2 9 7 11 3 8 15 15 14 8 9 15 13 11 14 18 12 5 1 5 1 11 9 11 5 15 11 5 14 0 9
split_gain=425.34 243.311 88.7816 86.7858 86.6761 66.172 59.9827 56.7228 81.7417 52.7886 51.3194 50.607 47.6058 63.8322 47.9814 45.3643 37.2521 40.0049 36.8533 36.2543 35.8567 41.6585 34.4842 33.0126 32.9022 34.248 31.5376 31.3436 30.8385 30.9489 30.8249 29.6744 31.6623 29.3062 28.4079 27.8555 26.1684 25.6991 25.279 25.5473 26.252 25.4466 26.3132 25.1968 25.0619 51.4707 27.1275 31.4277 24.7473 44.1751 38.6146 29.6611 24.6415 24.5787 24.4934 32.3357 24.8451 24.3778 23.4753 24.9347 23.338 25.6285
threshold=-0.078201368523949141 0.31623376623376631 0.11527514231499054 0.37689393939393945 0.23861480075901334 0.29705882352941182 0.46922348484848492 0.3550420168067227 -0.19407308377896609 -0.41302521008403353 0.014928698752228133 0.069047619047619038 -0.40473790322580638 -0.46922348484848481 -0.41042780748663094 -0.061553030303030297 0.44201680672268912 0.47014260249554374 -0.46720430107526878 -0.26568627450980387 0.30151515151515157 0.46922348484848492 -0.26114081996434929 0.18933823529411767 0.30947580645161293 0.46609195402298859 -0.28456439393939387 -0.32085561497326193 0.015388257575757571 0.10948191593352886 -0.41042780748663094 0.47100840336134459 -0.14611005692599616 0.41302521008403364 -0.22144396551724135 0.39447004608294933 -0.47100840336134447 0.1815668202764977 0.11527514231499054 0.11527514231499054 -0.14076246334310846 0.11527514231499054 -0.21198156682027647 0.25378787878787884 0.32085561497326209 0.48571428571428577 0.014495798319327681 0.2611408199643494 0.14611005692599624 -0.057983193277310933 -0.044786096256684498 0.14928698752228167 0.41302521008403364 0.46922348484848492 0.47100840336134459 0.46922348484848492 0.47100840336134459 -0.069047619047619038 0.40767045454545459 0.37298387096774199 -0.029857397504456314 0.39113300492610842
decision_type=2 2 2 2 2 2 2 2 2 2 2 2 2 2 2 2 2 2 2 2 2 2 2 2 2 2 2 2 2 2 2 2 2 2 2 2 2 2 2 2 2 2 2 2 2 2 2 2 2 2 2 2 2 2 2 2 2 2 2 2 2 2
left_child=4 3 5 9 10 19 -4 23 -9 38 16 15 13 22 -14 33 37 -18 26 -3 21 30 -12 -6 -10 -26 -16 -22 48 -30 -15 -7 58 34 43 -32 -36 -1 39 41 -41 42 -2 -11 46 -46 -5 -48 49 50 -13 -50 -27 -49 -8 -56 -57 -21 -33 -60 61 -38
right_child=1 2 6 44 7 31 54 8 24 11 12 28 14 20 18 -17 17 -19 -20 57 27 -23 -24 -25 25 52 -28 -29 29 -31 35 32 -34 -35 36 -37 60 -39 -40 40 -42 -43 -44 -45 45 -47 47 53 51 -51 -52 -53 -54 -55 55 56 -58 -59 59 -61 -62 -63
leaf_value=0.0031351137305259133 -0.0091143819515448615 -0.0065326416099137658 -0.00086013707597868653 -0.0020977728768088537 0.0017587445750522437 -0.0059791670147585881 -0.0057937718396621311 -0.012579953752903878 -0.002783466208705523 0.0037692515755326319 0.032359899126739394 -0.00097506982497113487 -0.0084988185881382568 -0.0049024558121204438 -0.0035808165476782102 -0.00020458956681972405 -0.0081542004470003451 0.0012898301942921683 0.00039488072248066911 0.00037387968361166898 0.0082637342664717145 -0.017709567078318614 0.0082305697721229889 -0.000839207567313635 -0.0003463461555153972 0.023043661511737916 0.012148944612615264 -0.014767851986192744 0.015452664693253114 0.0011929911645828244 0.0037558957253079946 -0.02061620835510292 -0.0063019391557561019 -0.0028228112931250114 0.012656511854730228 -0.0097151837520308582 0.0024406553350588972 -0.0034486818699976181 -0.0033322210979117063 -0.0014734591842281673 0.0064848473763219486 -0.0056152862203988387 0.0025965523818574704 0.0004086382706792529 0.0011196740967317734 -0.014672730806779078 -0.0034270775227945192 -0.0089387748641403253 0.0033003954537678707 -0.0031195297279134151 0.0032690707970605207 -0.00052048822442351747 -0.0025678071648288798 -0.032417988791238514 -0.0051325954750413173 0.013818091664507207 0.00031812885066264676 -0.0037628186443475612 0.0031648727174808135 -0.013708143794100767 -0.00067638497893026674 -0.0022330085178933275
leaf_weight=38576.70543435216 205.39490568637848 1845.4126754403114 13744.535989016294 2232.0294687896967 10115.942684069276 5826.1636558920145 3996.3208451271057 723.48212523758411 1965.4066382795572 8481.1330758780241 100.4968583136797 15752.165973782539 530.93886935710907 503.84538190066814 155.19426429271698 22904.048803240061 526.81544256210327 1715.6565442383289 17643.926369339228 2646.2729215621948 1221.4950274378061 98.668016970157623 114.22832190990448 7792.1936200410128 282.62979565560818 130.72146891057491 434.69181826710701 54.706616878509521 204.70747919380665 410.59008552134037 2868.0886722952127 345.44751450419426 815.30580453574657 1278.0700207352638 169.22235618531704 144.19678543508053 7589.2710141390562 540.29477681219578 6165.3985407203436 690.47461867332458 809.67822624742985 1062.5647019743919 1056.0919692665339 2631.0404930859804 1716.8982678502798 207.25901657342911 1501.126859664917 1419.7001477479935 2513.2322456538677 8140.9369483441114 2197.6590731441975 6703.8518664389849 45.232838362455368 40.470456436276436 843.4643886089325 164.45873090624809 474.88083392381668 2485.8473110198975 97.660526856780052 400.62554535269737 5670.9774570763111 1225.8150596171618
leaf_count=154354 822 7387 55002 8933 40477 23321 15996 2896 7865 33934 402 63036 2125 2016 621 91653 2108 6865 70601 10590 4887 395 457 31181 1131 523 1739 219 819 1643 11476 1383 3264 5114 677 577 30368 2162 24675 2763 3240 4252 4226 10528 6870 830 6008 5683 10056 32581 8793 26826 181 162 3376 658 1900 9948 391 1604 22692 4905
internal_value=-2.4379e-08 -0.00104119 -0.00325435 -0.000317209 0.00164906 -0.00502992 -0.00191833 -2.45041e-05 -0.003738 -7.98869e-05 0.00218926 0.000160234 0.00108156 0.00364967 0.000382648 0.000777846 0.00282852 -0.000931466 0.000641714 -0.00292751 0.00294461 0.00141748 0.0196214 0.000628339 -0.00109486 0.00613249 0.00801152 0.00726566 -0.000698526 0.00595451 0.0019591 -0.00698907 -0.0105299 0.00160982 0.00182978 0.00310803 0.000962299 0.00304409 -0.00214383 -0.000227523 0.00282334 -0.00219719 0.000684073 0.00297366 -0.00351314 -0.00058813 -0.00459655 -0.00647862 -0.000814632 -0.00128669 -0.000455292 0.000521601 0.0164824 -0.00961127 -0.00457218 -0.00127819 0.00380691 -0.00163016 -0.0146031 -0.0104014 0.000824826 0.00179056
internal_weight=222952 136666 33686.4 102980 86285.6 14462.7 19223.7 21055.6 3147.47 95862.3 65229.9 85872.7 23870.5 5105.73 18764.8 49949.6 41359.5 2242.47 18233.8 6977.53 4891 3614.8 214.725 17908.1 2423.99 458.584 589.886 1276.2 35923.1 615.298 3516.13 7485.2 1659.04 27045.5 25767.5 3012.29 14655.3 39117 9989.6 3824.2 1500.15 2324.05 1261.49 11112.2 7117.48 1924.16 5193.33 2961.3 35307.8 26090.8 17949.8 9217.08 175.954 1460.17 5479.12 1482.8 639.34 5132.12 843.734 498.286 14486.1 8815.09
internal_count=892167 546909 134820 412089 345258 57888 76932 84254 12596 383603 261004 343625 95515 20429 75086 199871 165489 8973 72961 27925 19570 14464 859 71658 9700 1835 2360 5106 143754 2462 14069 29963 6642 108218 103104 12053 58642 156516 39978 15303 6003 9300 5048 44462 28486 7700 20786 11853 141292 104410 71829 36882 704 5845 21930 5934 2558 20538 3378 1995 57965 35273
is_linear=0
shrinkage=0.03


Tree=3
num_leaves=63
num_cat=0
split_feature=12 2 11 1 9 15 5 1 14 5 5 11 2 11 13 1 7 13 9 11 1 17 12 2 9 7 11 1 17 11 1 15 7 6 11 14 15 17 14 12 14 11 5 13 6 4 15 12 11 9 15 15 6 15 5 2 9 13 11 13 1 6
split_gain=400.209 228.966 83.5668 81.7253 71.9245 62.2951 60.963 63.0044 56.4496 55.7153 49.7398 48.1503 42.6268 34.1242 31.704 30.658 43.2467 31.0833 30.5103 42.7397 36.4904 28.2848 31.0537 27.954 29.832 27.633 27.0311 25.9507 25.1273 25.0973 24.9944 28.8971 42.1988 24.5908 29.0572 36.2405 24.853 24.558 26.389 24.2138 51.1255 29.9617 25.042 25.0765 25.5304 24.1982 25.0286 24.1447 51.7024 23.8501 23.7875 24.5215 24.399 23.6067 36.7779 48.5209 42.2253 30.8247 23.5073 23.3708 23.3531 34.2574
threshold=-0.078201368523949141 0.31623376623376631 0.11527514231499054 0.36038961038961043 0.34122983870967749 0.29705882352941182 0.2611408199643494 0.11596638655462189 0.46922348484848492 0.10771780303030305 -0.41302521008403353 0.069047619047619038 -0.061553030303030297 -0.26568627450980387 -0.43844696969696967 -0.21089931573802537 0.29705882352941182 -0.26806722689075629 -0.17156862745098037 0.47014260249554374 -0.32605042016806712 0.015388257575757571 0.078201368523949225 0.47100840336134459 -0.14611005692599616 0.41302521008403364 -0.22144396551724135 -0.43202764976958524 0.014928698752228133 -0.46824596774193544 0.11596638655462189 -0.41042780748663094 -0.32085561497326193 -0.43844696969696967 0.32085561497326209 0.48571428571428577 0.29705882352941182 0.014495798319327681 0.015640273704789823 0.29099821746880572 0.15165441176470593 -0.060661764705882353 0.47100840336134459 0.38057040998217473 -0.46922348484848481 0.47014260249554374 0.31534090909090917 -0.47014260249554363 0.1566964285714286 0.38403361344537817 0.11527514231499054 -0.18156682027649768 -0.41302521008403353 0.23128342245989311 0.21320346320346326 -0.096874999999999975 0.43440860215053767 0.40767045454545459 0.18660714285714289 0.25378787878787884 0.2834821428571429 0.15571120689655174
decision_type=2 2 2 2 2 2 2 2 2 2 2 2 2 2 2 2 2 2 2 2 2 2 2 2 2 2 2 2 2 2 2 2 2 2 2 2 2 2 2 2 2 2 2 2 2 2 2 2 2 2 2 2 2 2 2 2 2 2 2 2 2 2
left_child=4 3 5 10 6 13 7 9 -4 18 50 12 25 -3 29 16 17 27 -1 -20 -21 53 -23 -7 -25 26 59 -6 -17 -9 -8 32 -32 -5 37 36 -36 49 -39 40 -15 -42 43 44 -41 46 -10 48 -34 -35 51 -2 -53 57 55 -55 58 -13 -57 -12 -56 -62
right_child=1 2 8 33 15 23 30 14 45 -11 11 21 -14 39 -16 28 -18 -19 19 20 -22 22 -24 24 -26 -27 -28 -29 -30 -31 31 -33 47 34 35 -37 -38 38 -40 42 41 -43 -44 -45 -46 -47 -48 -49 -50 -51 -52 52 -54 54 60 56 -58 -59 -60 -61 61 -63
leaf_value=0.0034191365161784543 -0.0050854359585673428 -0.00633795809561728 -0.00083435023029204962 -0.011032135894266271 -0.016634470301330549 -0.005800806295347463 -0.003051446370995854 -0.010190026474007343 0.0052393569733934567 -0.001665851028552316 0.0036616467844956865 -0.0013759731718319599 -0.00019363608732158542 -0.0035503220504521302 0.0035593250340357719 0.0016703636095949036 -0.011957649207889642 0.0010394050224779305 0.0018409706673175544 -0.019388492084605399 -0.0021832681978668808 0.018142591586892087 0.001983746015178612 -0.014173358626425775 -0.0061143129176884498 -0.0027383426212036696 0.0009333258179906233 -0.003523101525505504 -0.0011997981983465624 0.0077636366853941988 0.023093652024179401 5.0828620001446513e-05 -0.02120544109832715 -0.0005800948197400423 -0.0030444197052575338 -0.012424712479284384 0.0045221560545042564 0.00072489899071030467 -0.0072248093662441336 0.016595902826314107 0.0069565842976274574 -0.0007061396171465763 -0.018834351085726116 0.0082988655975158362 -0.007425773626125445 -0.0025832668916631078 -0.0073327562084560729 0.0040066679190759831 0.0012055130519964328 -0.010485550192524411 -0.0032325360951538508 0.0082341385768800335 -1.6974003232756311e-05 0.00074813350899405448 0.0050620616924823194 0.0011589977842517976 -0.014836801820071695 -0.012073837408391514 -0.0036234722004312328 0.00042423943885299613 -0.0046169446650199137 0.0054998719402183866
leaf_weight=13172.344909310341 748.80240757763386 1845.0717280060053 13744.288378089666 359.40600983798504 153.66330084204674 5825.1911783516407 1709.5291525870562 71.234965816140175 150.87852340936661 3580.9470057338476 8480.3861519396305 18583.027415633202 22869.222987920046 2295.8612806200981 10032.691735073924 6427.0931308567524 407.383230432868 1751.7342349588871 25272.103023514152 141.19223450124264 506.31346319615841 139.48622810840607 450.85908654332161 843.30940538644791 815.14810366928577 1278.0016629546881 14652.021459937096 1126.924825116992 4790.5408887416124 2541.0170466601849 92.495709672570229 11235.672027394176 108.46924550831318 1879.6459356248379 630.55054548382759 182.18621020019054 1023.6754410415888 444.70743545889854 2418.4372753798962 41.228969857096672 926.82607524096966 909.00164356827736 115.69057621061802 126.18590973317623 717.1370293200016 2942.4656291902065 2385.0639717280865 2563.792961359024 602.3269024938345 246.60513165593147 6164.9025321006775 365.1144737303257 2710.2395317554474 8380.5346776247025 1891.7040113657713 1261.6520261019468 255.87987387180328 244.63273259997368 3461.3631576150656 2629.3116695135832 697.24751964211464 528.80851310491562
leaf_count=52703 2997 7387 55002 1439 615 23321 6841 285 604 14329 33929 74367 91514 9188 40141 25717 1631 7010 101118 565 2026 558 1804 3378 3264 5114 58628 4510 19170 10166 370 44959 434 7523 2523 730 4096 1780 9682 165 3709 3638 463 505 2870 11778 9548 10258 2410 987 24675 1461 10845 33537 7569 5049 1024 979 13852 10521 2790 2116
internal_value=-3.9173e-08 -0.00101002 -0.00315706 -0.000307711 0.00159955 -0.00487985 0.00199135 0.0024666 -0.00186087 0.00191539 -7.6234e-05 0.000157021 0.000759707 -0.00283995 0.00432648 -0.000315156 -0.00279246 -0.00155761 0.00224347 0.00164589 -0.00595908 -0.000680956 0.00582597 -0.00678101 -0.0102183 0.00156599 0.00177962 -0.00510814 0.00044465 0.00727034 0.000379627 0.00078148 0.00321886 -0.00339332 -0.00298955 0.000236747 0.00163787 -0.00417684 -0.00599023 -0.00158133 -0.000566867 0.0031641 -0.00576702 -0.00403861 -0.00609969 -0.0044356 -0.00658299 0.00265059 -0.00223944 -0.00173333 -0.00207966 -0.000220764 0.000964979 -0.000789923 3.93222e-05 -0.000645423 -0.00299075 -0.00151561 -0.00234596 0.00289556 0.00297269 -0.000252549
internal_weight=222949 136662 33683.3 102978 86287.5 14460.7 71630.1 55317.8 19222.7 42672.9 95793.2 85804.1 49908.9 6977 12644.9 14657.3 3439.71 3032.32 39092 25919.6 647.506 35895.2 590.345 7483.65 1658.46 27039.7 25761.7 1280.59 11217.6 2612.25 16312.3 14602.8 3367.08 7185.21 6825.81 1836.41 1654.23 4989.4 2863.14 5131.93 4131.69 1835.83 1000.24 884.552 758.366 5478.41 2535.94 3274.59 710.796 2126.25 9989.06 3824.16 3075.35 35304.8 16477.2 13359.4 4978.9 18827.7 4723.02 11109.7 3117.76 1226.06
internal_count=892167 546909 134820 412089 345258 57888 286605 221333 76932 170741 383329 343351 199706 27925 50592 58653 13766 12135 156412 103709 2591 143645 2362 29963 6642 108192 103078 5125 44887 10451 65272 58431 13472 28760 27321 7349 6619 19972 11462 20538 16535 7347 4003 3540 3035 21930 10152 13102 2844 8510 39978 15303 12306 141283 65937 53462 19925 75346 18901 44450 12475 4906
is_linear=0
shrinkage=0.03


Tree=4
num_leaves=63
num_cat=0
split_feature=16 1 14 10 14 7 5 1 5 1 5 1 10 15 1 9 5 1 3 10 7 14 14 10 17 9 4 13 4 1 15 7 4 7 5 10 10 9 16 10 7 6 6 15 1 13 13 7 9 17 10 10 14 1 6 9 1 1 7 14 10 15
split_gain=352.444 171.289 96.2061 87.7177 52.468 47.5361 42.0541 76.8164 72.3266 51.8273 62.8301 51.4236 41.459 37.5987 47.4145 36.7574 36.2317 65.6105 34.9044 35.022 33.4767 33.2949 32.3783 31.5367 29.8053 29.6337 29.1897 28.2978 26.5931 26.4123 30.8803 38.1695 26.1788 25.0749 24.8844 24.4584 24.286 24.0946 23.6034 28.6696 28.1642 22.5043 23.6088 22.2837 22.0085 21.918 21.8856 22.288 21.6642 22.8129 21.6176 21.5712 21.5443 21.3977 24.8737 21.0151 20.962 20.741 20.6587 20.7067 20.5902 27.4356
threshold=-0.15669642857142854 0.38057040998217473 -0.078201368523949141 0.37298387096774199 0.48571428571428577 0.17694497153700192 0.20777988614800766 0.046920821114369467 -0.014495798319327733 -0.16421568627450978 -0.29099821746880566 0.3133928571428572 0.40767045454545459 -0.38057040998217462 -0.046920821114369508 -0.18660714285714283 0.2611408199643494 0.19848484848484851 0.22301136363636367 -0.44028520499108731 0.030330882352941183 -0.32085561497326193 0.35071301247771841 0.48571428571428577 0.015388257575757571 -0.37689393939393934 0.19223484848484854 0.41302521008403364 -0.12678571428571425 0.13046218487394959 -0.41042780748663094 -0.32085561497326193 0.10303030303030304 0.32807881773399022 0.35071301247771841 -0.02332657200811358 0.48571428571428577 0.14076246334310852 -0.47014260249554363 -0.11916835699797161 0.26904761904761915 0.42266009852216752 0.13484848484848486 -0.47100840336134447 0.32605042016806729 0.48571428571428577 -0.47014260249554363 0.038095238095238078 0.38403361344537817 0.014495798319327681 0.46609195402298859 0.34611742424242431 0.436491935483871 -0.18660714285714283 0.038095238095238078 0.44201680672268912 -0.14928698752228159 -0.2535714285714285 -0.15669642857142854 0.16190476190476191 -0.23861480075901326 -0.26114081996434929
decision_type=2 2 2 2 2 2 2 2 2 2 2 2 2 2 2 2 2 2 2 2 2 2 2 2 2 2 2 2 2 2 2 2 2 2 2 2 2 2 2 2 2 2 2 2 2 2 2 2 2 2 2 2 2 2 2 2 2 2 2 2 2 2
left_child=1 4 3 16 6 22 7 8 9 10 -1 -8 25 14 48 -6 17 18 19 21 -15 33 -4 24 -13 -3 44 52 -12 -18 31 -31 36 -2 45 -10 -11 -32 39 -17 -41 42 -33 -20 -19 -27 47 -16 49 -5 60 -24 -9 54 -22 -21 -53 -45 59 -14 -7 -62
right_child=2 12 5 13 15 50 11 27 35 32 28 23 58 20 46 38 29 26 43 55 53 -23 51 -25 -26 34 -28 -29 -30 30 37 41 -34 -35 -36 -37 -38 -39 -40 40 -42 -43 -44 57 -46 -47 -48 -49 -50 -51 -52 56 -54 -55 -56 -57 -58 -59 -60 -61 61 -63
leaf_value=-0.0017132684773759628 0.014205693051984278 -0.0064552673268832893 0.00066748212354150423 -0.015672112309613559 -0.0083563657061592068 0.00034473151653677817 0.0027086439118534675 -0.0029776045967646264 0.0047173530009966347 -0.0037483882318898598 0.0011176709348397205 -0.0015729555379605828 0.022405733052549975 0.0014293351871289869 0.02907288861020248 0.013614517723816735 -0.0025615429467943642 0.0065468182032714624 0.010536124446175596 0.0020783587868208934 0.0015829984581932275 0.0035943599606100417 -0.0022478941762867593 -0.022200767277326117 0.01305371524767922 -0.0042613179969421787 0.0037722432396524899 -0.0064785665678070018 0.0074917821721287269 0.023104956042698785 -0.00057354199586859018 0.0011778472750782556 0.011057331611440834 -0.013276518294554691 -0.0025653378748518858 0.00082087744006909458 -0.019529954555535058 0.0025980253466324145 -0.003730028399599261 -0.0089601045949609086 0.013274605390247697 -0.0035471033487503548 0.0065873249777080129 -0.0060253532071103035 0.014399833771279466 -0.010315083744814765 -0.0028905312899813449 0.0027833413702154533 -0.015554500143663006 0.0035818656183092467 0.0028778691286175193 -0.0032934791227786043 0.0023694656029489519 -0.00098341359349925456 -0.0087035046294916072 -0.0071791260306886063 -0.022290430091149914 6.5628247537318594e-05 -0.011019607772037542 -0.0053993363026354456 0.003389552942176321 -0.0024883591280192023
leaf_weight=12508.60626848042 504.41891868412495 2997.5438660830259 41870.886054590344 90.689907565712929 1342.7285123169422 3843.7919298261404 6673.3951054811478 7690.3559374064207 2838.3223215341568 4811.9732795953751 8500.8265839666128 4272.0658433735371 31.978337377309799 5298.3574528694153 38.488987311720848 176.62494294345379 2012.0579323619604 1569.711601793766 168.70832598209381 42055.940495744348 294.06634071469307 1197.4614678323269 1585.231092646718 63.963661059737206 128.18176436424255 2644.114006280899 4412.9194295108318 1996.0355847626925 632.001544252038 86.994777724146843 7664.4252337217331 1390.947986766696 104.69971004128456 30.994140759110451 12131.694800436497 2963.7995038628578 88.458306312561035 2998.395550519228 1289.3981083184481 168.89040264487267 72.454074263572693 403.88447415828705 1519.369424790144 552.08140756189823 404.45798876881599 676.0738870203495 707.7268967628479 110.47132529318333 413.864856377244 139.15012201666832 1034.2631886303425 108.70320563018322 743.02239309251308 3955.6459252387285 750.61926144361496 220.90510013699532 100.44409190118313 5572.968146532774 1016.1755221635103 88.664053350687027 757.43337209522724 12427.708033755422
leaf_count=50062 2018 12000 167551 363 5375 15382 26705 30777 11358 19257 34018 17098 128 21201 154 707 8052 6280 675 168269 1177 4791 6344 256 513 10585 17655 7989 2529 348 30669 5565 419 124 48564 11860 354 11998 5161 676 290 1616 6079 2209 1618 2707 2832 442 1657 557 4139 435 2974 15829 3005 884 402 22298 4068 355 3031 49733
internal_value=-5.81521e-08 -0.0016479 0.000863345 0.00152063 -0.000817034 -3.71143e-05 -0.000600827 -0.00102745 -0.000307528 -0.000968457 -0.000332114 0.00104154 -0.0040685 -0.000878753 -0.00531391 -0.00464449 0.00190969 0.00226617 0.00190242 0.00220126 -0.000232152 0.00638037 0.000498337 -0.00145061 -0.001144 -0.00372548 0.00513018 -0.00326706 0.00155954 0.000652553 0.00111252 0.00360109 -0.00371929 0.012593 -0.00319553 0.00272747 -0.00403719 0.000318466 -0.00172217 0.004466 -0.00225779 0.00308232 0.00400323 -0.00018724 0.00816218 -0.00549675 -0.000688218 0.00972472 -0.0114595 -0.00405032 -0.00133145 -0.00344675 -0.00250628 -0.0019926 -0.00580923 0.00202982 -0.0124795 -0.000484276 -0.00962729 0.00209448 -0.00158726 -0.00215047
internal_weight=222946 76652 146294 84565.7 57065.8 61728.5 54015.7 42878.1 32448.7 26646.6 21641.4 11137.6 19586.2 11799.1 1500.39 3050.1 72766.6 56690.6 50303.5 44009.7 10298.7 1732.87 43665.3 4464.21 4400.25 18449.4 6387.09 10429.4 9132.83 16076.1 14064 3401.2 5005.13 535.413 15451.9 5802.12 4900.43 10662.8 1707.37 417.969 241.344 3314.2 2910.32 6293.76 1974.17 3320.19 856.687 148.96 643.705 229.84 18063.2 1794.38 8433.38 5000.33 1044.69 42276.8 209.147 6125.05 1136.82 120.642 17028.9 13185.1
internal_count=892167 306785 585382 338365 228378 247017 216169 171597 129857 106639 86609 44572 78407 47217 6005 12209 291148 226821 201268 176086 41212 6933 174732 17867 17611 73856 25553 41740 36547 64327 56275 13608 20030 2142 61856 23218 19611 42667 6834 1673 966 13260 11644 25182 7898 13292 3428 596 2577 920 72285 7181 33751 20011 4182 169153 837 24507 4551 483 68146 52764
is_linear=0
shrinkage=0.03


Tree=5
num_leaves=63
num_cat=0
split_feature=12 2 8 12 11 18 18 10 10 5 11 11 12 10 7 5 11 10 5 0 10 12 15 14 11 7 14 10 5 15 11 10 18 5 8 14 11 2 11 2 8 5 15 11 12 3 18 2 6 8 12 8 11 5 15 5 12 7 15 14 14 18
split_gain=356.679 208.085 79.6544 66.3533 67.7396 53.2753 47.4021 50.6506 45.9855 55.7662 45.0565 44.0876 63.0207 43.1614 42.4903 36.1035 34.8686 33.7359 32.6402 31.9013 30.7479 30.7475 29.6647 29.6506 41.4857 38.8295 28.5866 28.187 28.2084 28.127 49.5938 50.6251 40.8123 40.1482 29.5199 28.3657 27.8947 42.7769 27.6723 26.8791 40.784 31.2737 34.1145 29.8539 29.3253 27.9839 26.1001 27.0639 25.8147 28.9751 33.7753 44.7299 32.1064 28.7501 28.2967 33.218 25.7982 25.5979 24.6635 39.4068 24.54 24.2672
threshold=-0.078201368523949141 0.23861480075901334 0.23861480075901334 0.46922348484848492 -0.26568627450980387 0.015877016129032254 0.014928698752228133 -0.10948191593352884 0.32807881773399022 -0.13246753246753243 0.30322580645161296 0.069047619047619038 0.35071301247771841 0.27772177419354843 0.030330882352941183 -0.41302521008403353 -0.12678571428571425 0.46609195402298859 0.20294117647058826 0.3133928571428572 0.47100840336134459 0.47100840336134459 -0.16190476190476188 -0.17694497153700187 -0.3507130124777183 -0.35504201680672259 -0.38403361344537806 0.10948191593352886 0.26806722689075635 0.34122983870967749 0.11527514231499054 0.21198156682027655 0.015388257575757571 0.44028520499108742 -0.15571120689655168 0.42488479262672812 0.44201680672268912 0.47014260249554374 -0.078201368523949141 0.1566964285714286 -0.19848484848484846 -0.044786096256684498 -0.20777988614800755 -0.32555780933062872 -0.39447004608294928 -0.20777988614800755 0.014495798319327681 -0.17694497153700187 0.27346041055718479 -0.10303030303030301 -0.40473790322580638 -0.46922348484848481 0.30947580645161293 -0.32085561497326193 -0.32085561497326193 0.33095238095238105 0.38403361344537817 0.34611742424242431 0.11527514231499054 0.014718614718614688 0.17694497153700192 0.014495798319327681
decision_type=2 2 2 2 2 2 2 2 2 2 2 2 2 2 2 2 2 2 2 2 2 2 2 2 2 2 2 2 2 2 2 2 2 2 2 2 2 2 2 2 2 2 2 2 2 2 2 2 2 2 2 2 2 2 2 2 2 2 2 2 2 2
left_child=2 11 6 4 5 19 7 23 18 -10 -5 12 14 48 15 58 21 -16 -4 -3 38 -14 -19 25 46 26 -1 28 -23 -6 -31 32 33 -32 -33 -34 37 -35 -17 40 44 42 -42 -43 45 -27 -25 -48 49 50 51 53 54 -8 55 -52 -39 -53 59 -2 -22 -24
right_child=1 3 8 10 29 -7 13 -9 9 -11 -12 -13 16 -15 17 20 -18 22 -20 -21 60 27 61 24 -26 39 -28 -29 -30 30 31 34 35 36 -36 -37 -38 56 -40 -41 41 43 -44 -45 -46 -47 47 -49 -50 -51 52 57 -54 -55 -56 -57 -58 -59 -60 -61 -62 -63
leaf_value=0.017173022345870807 -0.0052658375936773588 -0.0031018339399973473 0.0016802604160250998 -0.0075749163409085923 -0.00090769399662308939 -0.026954465550544753 0.032612165117029149 0.0019127383180191006 -0.0085427292714548176 -0.00064449305390148939 -0.0030364876908567659 -0.00089784125730035206 -0.0057227541153334529 -0.0012107048508463814 -0.00054715965769239195 0.0028303856882100752 -0.00019677912957766715 -0.010910344468840026 -0.0009544831325587693 -0.0083677044513883608 -0.00069811633874051679 -0.0051083891788350289 0.0016069271970652855 0.0030015155091531443 -4.1740753321186942e-05 -0.0087558493711461984 0.0067855543450621647 0.018254585165486521 0.01685452423966622 -0.005320929193902894 -0.0023018361978685274 0.0048707760161862575 0.020891975709978521 0.0059022957543534175 -0.0083382838572956738 0.0010914834441022288 0.008959095117737766 0.0034013199389455171 0.00049510216497450821 0.0069951571496347032 0.0064115551272589007 0.0054930294592017139 -0.00233564585181908 -0.0035820437407308009 0.0080735839575430627 0.0048192849735090165 0.027426841312217436 0.0087463344268160145 -0.0010542827151843526 0.0036807122113127373 -0.0037364388337431196 0.0024470644144318336 0.0046989200032257318 0.0086281038395375365 9.0413958827071129e-05 -0.022594503193116962 -0.0097527602100367494 0.026846703073319763 -0.0054954388206144367 0.0048624480477439738 -0.012062468459604759 0.010586576135938788
leaf_weight=368.71425840258598 590.72213932871819 2820.828143671155 9936.4932031780481 3689.9120722264051 19258.562943771482 101.1640545129776 74.224246025085449 27898.783371374011 1167.7901964485645 2582.2772851735353 4224.2857743799686 40587.775296017528 2776.8522173017263 6113.5613699704409 18702.43645195663 16477.838840797544 3357.7550971508026 99.710363298654556 7369.3758305758238 1636.8107139617205 775.97946940362453 276.5836543738842 539.78626695275307 489.17886351048946 2681.4253106564283 195.72650477290154 678.65045350790024 85.201930269598961 63.947454154491425 4328.3882800489664 3990.4655277878046 174.89168947935104 136.18087168037891 666.59978479146957 1146.74593308568 124.17251108586788 519.50604753196239 205.13008123636246 6318.2203050106764 2486.068526789546 1427.5849230140448 423.6832559555769 557.41406780481339 1406.9702845513821 1936.446516007185 446.68042711913586 93.73760811984539 271.95786161720753 2592.7528715729713 6588.2386278510094 989.47244085371494 1947.085517629981 1062.1739424169064 114.49217255413532 4260.0576404780149 90.959061354398727 384.74487942457199 38.496515229344368 999.51477529108524 830.68486915528774 218.4053330719471 543.51909404993057
leaf_count=1475 2364 11293 39755 14778 77077 405 297 111623 4676 10334 16912 162436 11113 24464 74839 65932 13438 399 29489 6554 3105 1107 2160 1957 10728 783 2715 341 256 17333 15971 700 545 2668 4590 497 2079 821 25282 9946 5711 1695 2230 5629 7747 1787 375 1088 10374 26360 3959 7790 4250 458 17045 364 1540 154 4001 3324 874 2175
internal_value=-5.97829e-08 -0.000953586 0.00150998 -0.00266933 -0.00211537 -0.00552904 0.00202781 0.00264215 -9.43578e-05 -0.00310567 -0.00515317 -0.000154837 0.000417872 0.000963249 0.00080941 0.00160272 -0.00233301 -0.000236289 0.000558315 -0.00503686 0.00195789 -0.00457198 0.00467461 0.00415329 0.00179375 0.00499349 0.0104553 0.00292978 -0.000946757 -0.00161215 -0.00277383 -0.00127301 -0.000106577 -0.000632 -0.00658797 0.0114887 0.00311915 0.000699345 0.00218318 0.00434823 0.00331822 0.00134793 0.00395529 -0.00147987 0.0062318 0.000676076 0.00754435 0.0135964 0.00171171 0.00218464 0.00103516 0.00426477 -6.20864e-05 0.0181835 -0.00100971 -0.00534348 -0.00518039 0.0029334 -0.001887 0.000652494 -0.00320378 0.00611783
internal_weight=222944 136653 86290.5 43408.4 35494.2 4558.8 65234.5 41363 21055.9 3750.07 7914.2 93244.9 52657.2 23871.5 46096.8 26211.4 6560.34 19885.5 17305.9 4457.64 23790.4 3202.59 1183.02 13464.2 3536.3 9927.94 1047.36 425.733 340.531 30935.4 11676.8 7348.44 6026.8 5766.45 1321.64 260.353 1775.98 1256.47 22796.1 8880.57 6394.51 3815.65 1985 1830.65 2578.85 642.407 854.874 365.695 17758 15165.2 8576.96 2174.3 6402.66 188.716 5340.49 1080.43 589.875 1985.58 2420.92 1421.41 994.385 1083.31
internal_count=892167 546909 345258 173763 142073 18252 261004 165489 84254 15010 31690 373146 210710 95515 184455 104882 26255 79573 69244 17847 95193 12817 4734 53866 14148 39718 4190 1704 1363 123821 46744 29411 24121 23079 5290 1042 7108 5029 91214 35528 25582 15265 7941 7324 10317 2570 3420 1463 71051 60677 34317 8699 25618 755 21368 4323 2361 7944 9689 5688 3979 4335
is_linear=0
shrinkage=0.03


Tree=6
num_leaves=63
num_cat=0
split_feature=12 4 11 8 12 9 5 17 10 13 12 8 13 7 11 12 8 11 15 13 11 5 11 8 12 8 8 10 5 17 10 8 11 3 10 10 5 5 11 12 5 3 17 7 3 13 9 10 10 8 17 9 7 17 0 11 11 4 7 7 13 15
split_gain=335.615 145.081 83.5559 74.9489 71.2326 47.6064 47.8917 44.597 47.6623 42.8406 41.2239 57.3255 44.7249 39.9735 38.8771 36.0067 35.256 34.292 33.6981 32.4025 40.4704 31.6717 37.309 61.5494 49.1235 31.4838 37.4491 33.2196 31.1326 29.8037 51.0831 29.5016 28.8742 31.1757 28.5823 28.1823 27.6102 27.5471 26.7861 26.7025 29.068 32.5041 31.4444 26.3805 26.1799 26.4978 26.0926 31.15 26.0589 29.4954 24.8869 24.8238 24.0647 24.0415 24.0137 24.6898 23.7521 31.2521 23.5947 27.4328 23.5164 23.453
threshold=-0.078201368523949141 0.37689393939393945 0.44201680672268912 0.23861480075901334 0.2611408199643494 0.3550420168067227 -0.13246753246753243 0.014928698752228133 -0.10948191593352884 0.40767045454545459 -0.40473790322580638 -0.46922348484848481 -0.41042780748663094 -0.14076246334310846 0.11527514231499054 0.48571428571428577 0.28456439393939398 -0.46720430107526878 0.40767045454545459 -0.21651785714285712 -0.32555780933062872 -0.41302521008403353 -0.078201368523949141 0.20777988614800766 0.35071301247771841 -0.014718614718614713 0.29361054766734285 -0.32085561497326193 -0.26114081996434929 0.015388257575757571 -0.40161290322580639 -0.28456439393939387 -0.41042780748663094 0.39447004608294933 -0.069047619047619038 0.090992647058823553 -0.11942959001782531 0.18933823529411767 -0.18156682027649768 0.10948191593352886 0.18660714285714289 0.39447004608294933 0.015877016129032254 0.41302521008403364 -0.32605042016806712 0.1815668202764977 -0.29361054766734279 0.40767045454545459 -0.43649193548387094 -0.26166328600405669 0.015877016129032254 0.06458333333333334 0.27281105990783416 0.015388257575757571 0.21966911764705885 -0.3507130124777183 0.46922348484848492 0.17694497153700192 0.43440860215053767 -0.24264069264069263 -0.022770398481973427 -0.3507130124777183
decision_type=2 2 2 2 2 2 2 2 2 2 2 2 2 2 2 2 2 2 2 2 2 2 2 2 2 2 2 2 2 2 2 2 2 2 2 2 2 2 2 2 2 2 2 2 2 2 2 2 2 2 2 2 2 2 2 2 2 2 2 2 2 2
left_child=3 9 4 7 13 37 -7 8 19 21 11 28 35 -3 46 18 -17 31 -4 36 -21 50 23 24 48 53 27 -27 -9 -24 -31 -14 61 56 43 -12 -1 -5 -26 -32 42 51 -41 -15 -22 -46 -6 -48 49 -23 -2 -42 -36 -11 55 -50 -34 -58 59 -28 -57 -13
right_child=1 2 15 5 14 6 -8 10 -10 25 12 32 17 34 -16 16 -18 -19 -20 20 44 22 29 -25 38 26 58 -29 -30 30 39 -33 33 -35 52 -37 -38 -39 -40 40 41 -43 -44 -45 45 -47 47 -49 54 -51 -52 -53 -54 -55 -56 60 57 -59 -60 -61 -62 -63
leaf_value=0.0074760463567008061 -0.0017238038678450188 0.0043620443962168664 -0.00062794097553875298 0.0015389549383734023 -0.010337542020535578 -0.0088256118455848111 -0.00092514989093012178 0.030573932905668524 0.0018553050941716523 -0.00059781276557900544 -0.0021398999555149001 -0.00099181597366295349 -0.0035687372328229001 -0.0066092245167419681 -0.0036289259011588891 -0.013654991179220437 -0.00080152179958438918 0.00029602867876226037 0.0058666794962610649 0.0066272435932805285 0.0079328056139489223 0.011379027754709153 -0.00068380680173661386 -0.0014406164335706278 -0.0067287046780863998 -0.0098236824722370483 -0.0040405355369977965 -0.0036419864172450235 0.0076452227520401204 -0.022536685306087493 0.013376270879877169 0.011644198432648677 0.0049416951739895123 -0.0036149445945525141 0.0025406141517440059 -0.016054898967555704 0.0038258274877770557 -0.00083416724903687567 0.0012879508877096579 0.012940915562409741 0.02660354499254812 -0.0093854472529250263 -0.0054660291996151038 -0.00013106559396319163 0.00070955019252587793 -0.0093250626136360155 -0.0049276137902961028 -0.013888620740124492 0.0036152740053636517 0.0024623661037303664 -0.014072486107267208 0.0010739119582484323 -0.002408530903007064 0.015728316425897868 -0.00050248720717921869 -0.00056115144478932372 -0.017549346136795631 0.018491361738073302 -0.005127437818535854 0.0023005955421269717 0.0020799846036652385 -0.018005002497850291
leaf_weight=3112.0622168928385 8757.7979871928692 961.34276328980923 1372.6092511564493 10117.021748408675 1448.9016461223364 1022.3740485310555 2124.2020557373762 100.40643653273582 27899.572054535151 6500.3577228486538 296.85426890850067 603.85805377364159 155.19179740548134 1813.619089409709 8001.6531909555197 241.45259708166122 924.71793062984943 17644.817857831717 1508.6148725748062 1452.3807015419006 419.17749734222889 513.83375704288483 49847.944043532014 9224.927000105381 995.38718576729298 998.26249107718468 882.18577098846436 3617.6860649734735 114.24530985951424 58.71798187494278 306.93664924800396 434.74142748117447 3611.3431752175093 478.63648714125156 1433.4670634269714 233.96374833583832 4663.8511543124914 7792.0798102319241 601.15614329278469 106.71031887829304 108.71183444559574 47.982786223292351 371.10762374103069 822.09569852054119 3564.5495079904795 252.68890106678009 4066.8833857625723 381.39148485660553 5584.6258194744587 952.1260372698307 148.41371889412403 49.981446266174316 2304.2165383696556 81.204737216234207 4498.8106986135244 4399.6131364256144 87.889381304383278 27.731607139110565 927.52144294977188 2013.7176049500704 9772.2258311212063 81.962713047862053
leaf_count=12449 35054 3848 5493 40477 5805 4095 8501 402 111623 26017 1188 2416 621 7260 32034 967 3702 70601 6038 5810 1677 2056 199491 36917 3984 3996 3532 14480 457 235 1228 1739 14448 1915 5738 937 18658 31181 2406 427 435 192 1485 3291 14261 1011 16289 1528 22345 3810 594 200 9224 325 18003 17604 352 111 3713 8061 39102 328
internal_value=-4.73931e-08 -0.000925017 -0.00297663 0.0014647 -0.0037296 -9.15427e-05 -0.00349413 0.00196699 0.00256287 -0.00045927 0.000934409 0.00332409 0.000284038 -0.00133744 -0.00499181 0.000973524 -0.00347222 0.000534122 0.00277351 0.00402873 0.00230753 -0.000226934 -5.33335e-05 0.000677999 0.00139346 -0.0019494 -0.00316219 -0.0049807 0.0184625 -0.000578403 0.00442075 0.00764291 0.00265613 0.00358688 -0.00219768 -0.00829174 0.00528749 0.000506443 -0.00371123 0.00603842 0.00273331 0.0121042 -0.00133679 -0.00458946 0.000825375 4.30228e-05 -0.00684013 -0.00569887 0.00171045 0.00559337 -0.00193114 0.0186199 -0.000510275 -0.000394019 0.00147554 0.00192597 0.0045125 -0.00882057 -0.000966009 0.000368154 0.00126007 -0.00304832
internal_weight=222941 136649 25281 86291.6 21233.6 21055.7 3146.58 65235.9 41364.3 111368 23871.6 5106.07 18765.6 7334.74 13898.8 4047.39 1166.17 18234.8 2881.22 13464.7 5688.8 96347 87440.8 36542.7 27317.8 15020.9 8439.37 4615.95 214.652 50898.1 1050.15 589.933 4891.42 4205.6 6373.4 530.818 7775.91 17909.1 1596.54 991.431 684.494 206.676 477.818 2635.71 4236.42 3817.24 5897.18 4448.27 25721.2 1465.96 8906.21 158.693 3737.68 6581.56 24255.3 19756.5 3726.96 115.621 3823.42 2895.9 14171.8 685.821
internal_count=892167 546909 101217 345258 85017 84254 12596 261004 165489 445692 95515 20429 75086 29361 55656 16200 4669 72961 11531 53866 22759 385568 349920 146227 109310 60124 33782 18476 859 203693 4202 2360 19570 16826 25513 2125 31107 71658 6390 3967 2739 827 1912 10551 16949 15272 23622 17817 102920 5866 35648 635 14962 26342 97054 79051 14911 463 15306 11593 56706 2744
is_linear=0
shrinkage=0.03


Tree=7
num_leaves=63
num_cat=0
split_feature=14 2 8 11 18 2 13 10 14 9 13 13 10 11 7 14 8 0 10 13 11 9 14 13 10 11 4 11 18 5 4 4 2 4 2 5 2 11 10 8 10 14 2 2 8 7 6 14 2 7 11 14 14 14 4 10 7 10 11 4 11 0
split_gain=286.148 181.999 89.7794 69.0276 59.5002 52.5414 54.4058 50.8748 48.8197 43.4445 41.6 41.3309 42.733 40.2511 48.1768 49.5709 40.1745 39.8046 34.8202 35.3985 41.5952 34.423 30.5754 30.2895 29.9801 30.5161 27.5444 27.0946 37.0349 26.8405 39.0053 26.7375 26.6521 25.8665 25.6801 25.6311 32.7501 29.7557 34.9279 46.7891 25.2597 27.0211 25.0252 24.4603 24.2447 29.9454 40.4449 29.564 28.5417 24.0642 23.5686 23.2886 23.2122 27.9164 23.1461 26.0726 23.1419 22.7337 22.7302 22.6589 34.6156 27.0457
threshold=-0.046920821114369508 0.30151515151515157 0.21198156682027655 0.11527514231499054 0.014928698752228133 -0.14400921658986171 0.30322580645161296 0.27772177419354843 0.46922348484848492 0.32555780933062883 0.11527514231499054 0.23128342245989311 -0.29705882352941171 0.069047619047619038 0.23861480075901334 0.35071301247771841 0.43844696969696978 0.38403361344537817 -0.078201368523949141 -0.21651785714285712 -0.32555780933062872 -0.32085561497326193 -0.23861480075901326 0.014718614718614688 -0.15669642857142854 0.46824596774193555 -0.037053571428571429 -0.21651785714285712 0.015877016129032254 0.11359447004608299 0.1566964285714286 0.078201368523949225 0.35071301247771841 -0.23861480075901326 -0.46824596774193544 -0.46922348484848481 -0.21651785714285712 -0.18156682027649768 0.27281105990783416 -0.47014260249554363 0.13484848484848486 -0.38057040998217462 -0.47100840336134447 -0.442016806722689 -0.10303030303030301 0.35960591133004927 0.14076246334310852 -0.41042780748663094 0.33095238095238105 0.36881720430107534 -0.44028520499108731 0.48571428571428577 0.30947580645161293 0.17694497153700192 0.47014260249554374 0.43440860215053767 0.25378787878787884 -0.10303030303030301 0.48571428571428577 0.053605313092979119 -0.38057040998217462 0.21320346320346326
decision_type=2 2 2 2 2 2 2 2 2 2 2 2 2 2 2 2 2 2 2 2 2 2 2 2 2 2 2 2 2 2 2 2 2 2 2 2 2 2 2 2 2 2 2 2 2 2 2 2 2 2 2 2 2 2 2 2 2 2 2 2 2 2
left_child=2 13 4 11 10 9 21 34 24 16 18 26 -13 14 15 35 -4 -14 19 29 56 32 42 -17 25 -5 -3 28 49 -1 -31 -11 -7 -16 50 -2 37 -37 39 -39 41 -8 -20 -40 45 46 -36 -47 -48 57 -6 -15 53 -29 55 -10 -21 -28 -9 60 -12 -61
right_child=1 3 5 8 7 6 40 58 54 31 59 12 17 51 33 23 -18 -19 22 20 -22 -23 -24 -25 -26 -27 27 52 -30 30 -32 -33 -34 -35 44 36 -38 38 43 -41 -42 -43 -44 -45 -46 47 48 -49 -50 -51 -52 -53 -54 -55 -56 -57 -58 -59 -60 61 -62 -63
leaf_value=0.0065239917166283424 -0.0035538389248645436 -0.0062248992793899911 0.00011839360646267728 -8.8934105741206141e-05 -0.016055535654899845 0.0058723124082103884 -0.031852623388814789 -0.00145108063983099 -0.0065448056232020012 -0.0087055230265754881 0.0062210999943681676 -0.0097563377167418485 -0.0024681782042081536 -0.00078880140399595702 0.0011158557362523013 -0.0078334354208563373 -0.006789454557815198 -0.0071534552632192732 -0.011346752855244117 0.0078285356137477446 0.00077225021621342167 0.00027951038798129164 0.0033606074885564664 -0.0010201286590399241 -0.0018555621222531111 0.0054905333025203886 -0.010467418438592228 -0.00066553416131452268 -0.039227200125141234 -0.0028423450733656907 0.0051503843737315293 0.0029623762059132739 -0.001422922471887476 -0.0021236700951272531 0.0010281264111798379 0.0041051401162174438 0.00068428991965276999 0.020639115225495136 0.0088013089354340331 0.0019392414507133316 -0.017588353830419901 4.844703309811111e-05 0.0013672977607219537 -0.0040707756260444355 0.0025543727386473179 0.029916042488772901 -0.0054448191422004468 0.0041377948928993501 0.0057789597583499585 0.0022510070255039641 0.012208423687369213 -0.0043004214109816554 -0.0042053876226899106 0.0063714098913156382 -0.0022214601721356618 0.016222341174056867 -0.005169815312098429 -0.0018377086510756389 -0.023734570674876766 0.0065859993754003084 -0.0041766396675133755 -0.0010223671756045515
leaf_weight=5384.9155516475439 990.12142603099346 1336.8609057664871 3852.4968478530645 4486.0241571515799 28.240048572421074 1850.4788134545088 25.737542048096657 6535.4381781965494 2491.3912853300571 1285.5951374024153 342.18169252574444 1861.084384560585 3578.0441686213017 41274.064746558666 2909.3350493609905 665.15158715844154 942.22654154896736 3002.0160119533539 139.71295315027237 1323.4000918120146 4376.3124388158321 16220.2846609056 10681.492187336087 4961.8166111856699 8005.8742568045855 1097.2098933011293 558.30075667798519 1364.1579640507698 26.211723670363426 771.36270651221275 1905.0238416194916 204.40675057470798 595.27825862169266 9330.7704504430294 7895.9398141801357 6006.5862114578485 23021.020355507731 123.22579753398895 146.19183722138405 3952.1919592320919 202.37526513636112 224.87055639922619 14301.90804438293 1369.0027176737785 8047.9621984064579 57.492349997162819 1550.7719844132662 128.20749156177044 233.92803832888603 414.4951499402523 302.63268446922302 1771.7734393030405 737.62273424863815 806.69589880108833 2941.6075289696455 45.182656809687614 135.2386862039566 541.00897125899792 40.464775055646896 711.78315490484238 1798.6630053967237 1024.8693634718657
leaf_count=21541 3963 5352 15414 17954 113 7404 103 26153 9979 5148 1369 7458 14330 165188 11643 2662 3770 12027 559 5294 17509 64905 42736 19859 32044 4390 2236 5460 105 3086 7621 818 2382 37343 31593 24032 92118 493 585 15814 810 900 57219 5478 32200 230 6205 513 936 1660 1211 7094 2954 3229 11779 181 541 2166 162 2848 7197 4101
internal_value=-5.12146e-08 -0.000910358 0.00126895 -0.00282292 0.00183947 -0.000251901 0.000530348 0.00067039 -0.00164286 -0.00263132 0.0025159 -0.00440429 -0.00574295 -0.000250621 0.000299029 0.000789622 -0.00124022 -0.0046065 0.00281039 0.00401542 0.00223514 0.000779878 0.00214373 -0.00182676 -0.000678916 0.00100832 -0.00245047 -0.00131504 -0.0045312 0.00530358 0.00284659 -0.00710394 0.00409685 -0.00135364 0.00148577 0.00120311 0.00133927 0.00263925 0.00106385 0.00250958 -0.00973109 -0.00334138 0.00124352 -0.00282384 0.0013325 0.00033566 0.000106136 0.0122362 -0.00397126 -0.00390493 0.00975498 -0.000933437 0.00038887 0.00195115 -0.00403343 -0.00613303 0.00662067 -0.00622596 -0.00159179 -0.000447597 -0.00251259 0.00209799
internal_weight=222937 129815 93121.7 33293.8 67717.9 25403.8 19119 24821.1 19067.3 6284.73 42896.9 14226.5 8441.14 96521.3 53475.4 41235.3 4794.72 6580.06 39019.4 13896.3 5834.95 18666 25123.1 5626.97 13589.1 5583.23 5785.35 4448.49 1540.02 8061.3 2676.39 1490 2445.76 12240.1 18245.2 35608.3 34618.2 11597.2 5590.61 4075.42 452.983 250.608 14441.6 1515.19 17914.3 9866.34 9680.64 185.7 1784.7 1513.8 330.873 43045.8 2908.48 2170.85 5478.18 2536.57 1458.64 1099.31 6575.9 3877.5 2140.84 1736.65
internal_count=892167 519576 372591 133304 270937 101654 76504 99316 76327 25150 171621 56977 33815 386272 213990 165004 19184 26357 156106 55592 23344 74691 100514 22521 54388 22344 23162 17810 6167 32248 10707 5966 9786 48986 73001 142483 138520 46402 22370 16307 1813 1003 57778 6063 71677 39477 38734 743 7141 6062 1324 172282 11643 8689 21939 10160 5835 4402 26315 15515 8566 6949
is_linear=0
shrinkage=0.03


Tree=8
num_leaves=63
num_cat=0
split_feature=12 1 11 10 15 14 5 1 5 15 1 5 7 13 10 16 15 14 7 15 5 1 4 5 11 15 10 15 11 1 5 5 1 11 11 6 17 17 17 11 11 11 10 3 5 17 14 15 15 7 4 10 15 12 17 11 1 15 6 11 1 15
split_gain=299.137 178.259 85.8272 59.0294 55.167 43.658 42.2211 68.164 50.8888 37.8845 43.4356 31.6136 31.4777 31.4582 31.2024 30.6086 30.3353 28.9617 28.4261 28.6908 28.4 43.0689 96.1794 55.7287 49.8237 42.4616 35.469 34.1414 44.5785 30.013 40.6273 30.3051 28.3787 28.1813 33.406 27.3169 27.2169 48.8463 39.698 27.0393 26.9448 26.466 32.2127 27.7419 27.7424 27.0238 26.3557 26.2272 33.5444 26.0953 25.4565 25.2588 25.767 25.1793 24.8146 24.4757 24.3801 30.7333 28.2689 23.8126 25.4713 23.7345
threshold=-0.078201368523949141 0.38057040998217473 0.44201680672268912 0.37298387096774199 0.19223484848484854 0.48571428571428577 0.2611408199643494 0.11596638655462189 0.10771780303030305 -0.38057040998217462 -0.046920821114369508 0.35071301247771841 0.030330882352941183 -0.38403361344537806 -0.10303030303030301 -0.47100840336134447 0.40767045454545459 -0.30947580645161282 -0.38057040998217462 -0.442016806722689 -0.41302521008403353 0.014718614718614688 -1.0000000180025095e-35 0.030776515151515142 -0.32085561497326193 0.30322580645161296 -0.193312434691745 0.044155844155844122 -0.47014260249554363 -0.17694497153700187 -0.037053571428571429 -0.19407308377896609 -0.014928698752228157 0.3550420168067227 0.41302521008403364 -0.078201368523949141 0.015388257575757571 0.015877016129032254 0.014928698752228133 -0.46609195402298847 0.41302521008403364 0.10948191593352886 -0.25809822361546492 0.41042780748663105 0.4781385281385282 0.015388257575757571 -0.13246753246753243 -1.0000000180025095e-35 0.12678571428571431 0.49285714285714294 0.40767045454545459 0.44028520499108742 -0.26114081996434929 -0.090992647058823525 0.014495798319327681 0.016685205784204685 0.32085561497326209 -0.41042780748663094 0.42266009852216752 1.0000000180025095e-35 0.2611408199643494 0.14076246334310852
decision_type=2 2 2 2 2 2 2 2 2 2 2 2 2 2 2 2 2 2 2 2 2 2 2 2 2 2 2 2 2 2 2 2 2 2 2 2 2 2 2 2 2 2 2 2 2 2 2 2 2 2 2 2 2 2 2 2 2 2 2 2 2 2
left_child=3 5 4 6 -3 20 7 8 14 10 -5 -4 33 -9 17 -13 -17 18 -1 -20 35 22 24 27 25 26 -22 -23 -29 31 -31 -26 40 -11 -35 -2 38 -38 -25 -19 -16 42 -6 44 -44 -43 53 -48 -49 -47 -40 52 -36 -14 -30 -39 -8 58 -58 -15 -61 -7
right_child=1 2 11 9 41 61 56 13 -10 12 -12 15 46 59 32 16 -18 39 19 -21 21 23 -24 36 29 -27 -28 28 54 30 -32 -33 -34 34 51 -37 37 55 50 -41 -42 45 43 -45 -46 49 47 48 -50 -51 -52 -53 -54 -55 -56 -57 57 -59 -60 60 -62 -63
leaf_value=0.0097955912885147045 -0.00044576494386531498 -0.0010122847246230387 -0.0051081787884864425 -0.01087521823332813 -0.0096480108927955426 0.011653994464537992 -0.00079482774457956772 0.0061455271268345147 -0.0018301756082563117 0.0023260964646596403 -0.00064546123365163586 -0.0041494376711651284 -0.0031026342090558177 0.0041871225273521877 0.00091441437062024836 -0.00015174772271945311 0.0062598261775110341 0.0078116950355874137 -0.0006775913341970927 0.0047036513723295332 0.0063991749783710201 0.0010811211645700986 0.0042684493224288472 0.00028614296758334035 -0.00036091349644649191 -0.0035230729560685415 0.0016456829859320772 -0.031111401681874238 -0.0065835909189128966 -0.0024405832285797464 0.0010704811862756152 0.0019198390732738468 0.0030727826650098428 -0.014683139915676073 0.013681916343832029 -0.0035675635131815395 0.021454232835757019 -0.0037484212435532154 -0.0020772692692174397 0.0013853932295607412 -0.0036532622104722572 -0.0040589541693412433 -0.0018056501934822558 -0.007199759099485923 -0.013575898088064595 0.011787538656501874 -0.00026841381281633947 0.018018850374761138 -0.0037476249980203857 -0.010947472566197306 0.0036715166442154979 0.022908174452515386 -0.014949647572603079 0.018180551676287689 -0.0024745297168099088 0.0072870456151049104 0.0057889990279604746 0.0004055908301194125 -0.0036079492870991258 -0.00019514784589029773 0.0067288308161911285 -0.0042916185763225093
leaf_weight=773.13919900357723 5915.5400465279818 4203.8435902297497 677.53781636059284 651.3667528629303 1858.2923828214407 85.435463175177574 8243.2177134603262 4138.4383957535028 3738.1074041128159 4725.8375276774168 874.37865540385246 594.19289998710155 3785.0467976927757 5555.4814607352018 18179.717997655272 1208.6281305253506 1473.1140670776367 629.70289307832718 1103.6166621297598 4637.7570747733116 2073.2218363434076 1313.8897005021572 5316.2900787442923 22556.426114231348 21042.421164855361 983.96100437641144 4433.4377599358559 54.223149344325066 2119.7166766524315 10659.791928753257 4108.7448381483555 6982.248093277216 5446.1340492218733 196.10758826136589 45.986167833209038 4397.8225907385349 134.46214284002781 357.80341824889183 12842.856043502688 8987.8942378312349 1240.7291516810656 8282.5462514460087 2264.2136894911528 2575.9295397847891 194.86782276630402 180.86043074727058 809.0805526971817 180.64847002923489 97.693327769637108 59.699415564537048 731.90723782777786 43.746167838573456 70.188627958297729 49.716030135750771 3520.87955981493 363.88455744087696 1991.6772880852222 6392.2321991026402 336.12868814170361 2793.0823419243097 575.92798216640949 3071.2470774948597
leaf_count=3093 23680 16829 2713 2609 7449 342 32984 16555 14957 18909 3499 2379 15150 22225 72735 4837 5896 2519 4415 18553 8295 5258 21274 90273 84208 3938 17738 217 8485 42660 16442 27941 21788 785 184 17604 538 1432 51402 35957 4965 33164 9070 10323 781 724 3238 723 391 239 2930 175 281 199 14093 1456 7968 25578 1345 11174 2304 12299
internal_value=-6.43892e-08 -0.000873371 -0.00324638 0.00138276 -0.00405891 -0.000378586 0.00169089 0.00207711 0.00152034 -0.000615217 -0.00501698 0.000786029 5.65426e-05 0.0039836 0.00182587 0.00200627 0.00337123 0.00285337 0.00439778 0.00366932 -0.000278664 -0.000123474 0.00043147 -0.000824779 2.57257e-05 0.00228267 0.00316104 -0.00327737 -0.00428297 -0.000369379 -0.00146377 0.000207376 0.00115919 0.00171254 -0.00641542 -0.00177718 -0.000359962 0.00492355 -0.000485291 0.00180692 0.000622423 -0.00488956 -0.00627199 -0.00502432 -0.00274351 -0.00377088 -0.00165317 0.0024676 0.0103931 0.00612346 -0.00176707 0.00375134 -0.0035962 -0.00282204 -0.00401959 0.00181819 0.00037488 0.00148059 0.00443114 0.0029805 0.000990143 -0.0038565
internal_weight=222933 136640 23573.7 86292.8 19620.3 113066 74763 57799.7 44736.8 11529.8 1525.75 3953.47 10004.1 13062.9 40998.7 3275.94 2681.74 16132.1 6514.51 5741.37 109910 99596.2 55600.1 43996 50283.8 7490.62 6506.66 7008.71 5694.82 42793.2 14768.5 28024.7 24866.6 5081.87 356.029 10313.4 36987.3 856.15 36131.2 9617.6 19420.4 15416.4 6893.3 5035.01 2459.08 8523.11 4922.19 1087.42 278.342 240.56 13574.8 159.921 116.175 3834.76 5640.6 721.688 16963.3 8720.04 2327.81 8924.49 3369.01 3156.68
internal_count=892167 546909 94404 345258 78579 452505 299115 231240 178982 46143 6108 15825 40035 52258 164025 13112 10733 64537 26061 22968 439864 398580 222496 176084 201222 29971 26033 28053 22795 171251 59102 112149 99488 20334 1425 41284 148031 3426 144605 38476 77700 61750 27623 20174 9851 34127 19701 4352 1114 963 54332 640 465 15349 22578 2888 67875 34891 9313 35703 13478 12641
is_linear=0
shrinkage=0.03


end of trees

feature_importances:
ls_divergence=83
mom_z_24h=56
taker_cvd_24h=50
ret_24h=44
rvol_24h=44
gk_vol_24h=43
oi_chg_24h=30
oi_zscore=27
ret_48h=26
atr_14=26
rvol_12h=26
taker_cvd_12h=24
pct_coins_up_12h=17
residual_24h=16
oi_chg_12h=13
pct_coins_up_1h=10
residual_12h=7
iv_rv_spread=7
ret_12h=6
hour_sin=3

parameters:
[boosting: gbdt]
[objective: binary]
[metric: auc]
[tree_learner: serial]
[device_type: cpu]
[data_sample_strategy: bagging]
[data: ]
[valid: ]
[num_iterations: 600]
[learning_rate: 0.03]
[num_leaves: 63]
[num_threads: -1]
[seed: 13]
[deterministic: 0]
[force_col_wise: 0]
[force_row_wise: 0]
[histogram_pool_size: -1]
[max_depth: -1]
[min_data_in_leaf: 100]
[min_sum_hessian_in_leaf: 0.001]
[bagging_fraction: 0.8]
[pos_bagging_fraction: 1]
[neg_bagging_fraction: 1]
[bagging_freq: 0]
[bagging_seed: 16376]
[bagging_by_query: 0]
[feature_fraction: 0.8]
[feature_fraction_bynode: 1]
[feature_fraction_seed: 20348]
[extra_trees: 0]
[extra_seed: 30076]
[early_stopping_round: 0]
[early_stopping_min_delta: 0]
[first_metric_only: 0]
[max_delta_step: 0]
[lambda_l1: 0]
[lambda_l2: 1]
[linear_lambda: 0]
[min_gain_to_split: 0]
[drop_rate: 0.1]
[max_drop: 50]
[skip_drop: 0.5]
[xgboost_dart_mode: 0]
[uniform_drop: 0]
[drop_seed: 24096]
[top_rate: 0.2]
[other_rate: 0.1]
[min_data_per_group: 100]
[max_cat_threshold: 32]
[cat_l2: 10]
[cat_smooth: 10]
[max_cat_to_onehot: 4]
[top_k: 20]
[monotone_constraints: ]
[monotone_constraints_method: basic]
[monotone_penalty: 0]
[feature_contri: ]
[forcedsplits_filename: ]
[refit_decay_rate: 0.9]
[cegb_tradeoff: 1]
[cegb_penalty_split: 0]
[cegb_penalty_feature_lazy: ]
[cegb_penalty_feature_coupled: ]
[path_smooth: 0]
[interaction_constraints: ]
[verbosity: -1]
[saved_feature_importance_type: 0]
[use_quantized_grad: 0]
[num_grad_quant_bins: 4]
[quant_train_renew_leaf: 0]
[stochastic_rounding: 1]
[linear_tree: 0]
[max_bin: 255]
[max_bin_by_feature: ]
[min_data_in_bin: 3]
[bin_construct_sample_cnt: 200000]
[data_random_seed: 81]
[is_enable_sparse: 1]
[enable_bundle: 1]
[use_missing: 1]
[zero_as_missing: 0]
[feature_pre_filter: 1]
[pre_partition: 0]
[two_round: 0]
[header: 0]
[label_column: ]
[weight_column: ]
[group_column: ]
[ignore_column: ]
[categorical_feature: ]
[forcedbins_filename: ]
[precise_float_parser: 0]
[parser_config_file: ]
[objective_seed: 11872]
[num_class: 1]
[is_unbalance: 0]
[scale_pos_weight: 1]
[sigmoid: 1]
[boost_from_average: 1]
[reg_sqrt: 0]
[alpha: 0.9]
[fair_c: 1]
[poisson_max_delta_step: 0.7]
[tweedie_variance_power: 1.5]
[lambdarank_truncation_level: 30]
[lambdarank_norm: 1]
[label_gain: ]
[lambdarank_position_bias_regularization: 0]
[eval_at: ]
[multi_error_top_k: 1]
[auc_mu_weights: ]
[num_machines: 1]
[local_listen_port: 12400]
[time_out: 120]
[machine_list_filename: ]
[machines: ]
[gpu_platform_id: -1]
[gpu_device_id: -1]
[gpu_use_dp: 0]
[num_gpu: 1]

end of parameters

pandas_categorical:[]
