tree
version=v4
num_class=1
num_tree_per_iteration=1
label_index=0
max_feature_idx=22
objective=binary sigmoid:1
feature_names=ret_12h ret_24h ret_48h residual_12h residual_24h mom_z_24h oi_chg_12h oi_chg_24h oi_zscore taker_cvd_12h taker_cvd_24h ls_divergence atr_14 rvol_12h gk_vol_24h rvol_24h iv_rv_spread pct_coins_up_12h pct_coins_up_1h hour_sin hour_cos dow_sin dow_cos
feature_infos=[-0.47142857142857142:0.5] [-0.47142857142857142:0.5] [-0.47142857142857142:0.5] [-0.47142857142857142:0.5] [-0.47142857142857142:0.5] [-0.47142857142857142:0.5] [-0.47142857142857142:0.5] [-0.47142857142857142:0.5] [-0.47142857142857142:0.5] [-0.47142857142857142:0.5] [-0.47142857142857142:0.5] [-0.47142857142857142:0.5] [-0.47142857142857142:0.5] [-0.47142857142857142:0.5] [-0.47142857142857142:0.5] [-0.47142857142857142:0.5] [-0.47142857142857142:0.5] [0.014285714285714235:0.016129032258064502] [0.014285714285714235:0.016129032258064502] [0.014285714285714235:0.016129032258064502] [0.014285714285714235:0.016129032258064502] [0.014285714285714235:0.016129032258064502] [0.014285714285714235:0.016129032258064502]
tree_sizes=7073

Tree=0
num_leaves=63
num_cat=0
split_feature=12 4 11 8 12 14 9 5 18 10 11 12 8 13 9 7 12 11 5 8 13 11 5 5 14 11 12 8 18 10 8 15 5 10 11 3 10 9 10 6 11 4 14 6 3 13 7 3 9 9 15 14 18 12 15 7 15 11 7 11 10 6
split_gain=480.438 203.342 97.0759 93.3673 83.7853 67.8125 61.1941 58.317 54.6538 58.7963 51.9661 51.5275 67.8485 50.9526 49.8534 41.068 40.8922 40.1024 38.1317 37.1013 36.9248 45.0345 36.5329 35.7495 35.649 34.7244 89.3999 73.5327 49.09 50.8654 33.3555 32.5185 31.3926 31.1629 29.9993 30.8213 28.5841 28.2848 32.5828 28.193 28.0063 32.5047 27.3268 27.2467 26.5917 26.9984 26.123 26.1062 25.4445 39.7539 25.4084 25.2485 24.8003 27.3558 33.7764 24.6405 24.5087 24.4869 24.4162 24.3648 32.7457 24.0106
threshold=-0.078201368523949141 0.37689393939393945 0.44201680672268912 0.23861480075901334 0.2611408199643494 0.47014260249554374 0.3550420168067227 -0.13246753246753243 0.014928698752228133 -0.10948191593352884 0.11527514231499054 -0.40473790322580638 -0.46922348484848481 -0.41042780748663094 -0.18660714285714283 -0.14076246334310846 0.48571428571428577 -0.46720430107526878 -0.41302521008403353 0.28456439393939398 -0.21651785714285712 -0.32555780933062872 -0.32085561497326193 0.18933823529411767 0.32605042016806729 -0.078201368523949141 0.35071301247771841 0.20777988614800766 0.015388257575757571 -0.40161290322580639 -0.28456439393939387 0.40767045454545459 -0.11942959001782531 0.090992647058823553 -0.41042780748663094 0.39447004608294933 -0.069047619047619038 -0.29361054766734279 0.40767045454545459 -0.032291666666666656 0.46922348484848492 0.17694497153700192 0.43844696969696978 0.27772177419354843 -0.32605042016806712 0.1815668202764977 0.41302521008403364 0.41042780748663105 0.44201680672268912 0.47014260249554374 0.1815668202764977 0.44201680672268912 0.015877016129032254 0.10948191593352886 0.39447004608294933 0.27346041055718479 -0.3507130124777183 0.3550420168067227 0.41302521008403364 0.30947580645161293 0.47014260249554374 -0.35960591133004921
decision_type=2 2 2 2 2 2 2 2 2 2 2 2 2 2 2 2 2 2 2 2 2 2 2 2 2 2 2 2 2 2 2 2 2 2 2 2 2 2 2 2 2 2 2 2 2 2 2 2 2 2 2 2 2 2 2 2 2 2 2 2 2 2
left_child=3 5 4 8 15 18 23 -8 9 20 37 12 22 33 -7 -3 31 30 39 -18 32 -22 -10 -5 -12 26 27 47 -27 -30 -15 -4 -1 -13 56 40 46 42 -39 -2 -36 -42 -6 -19 -23 -46 -17 -20 50 -50 -11 61 -31 -54 -55 -38 -14 -52 -29 -9 -61 -33
right_child=1 2 16 6 10 14 7 59 11 48 24 13 34 17 -16 36 19 43 25 -21 21 44 -24 -25 -26 28 -28 58 29 52 -32 51 -34 -35 35 -37 55 38 -40 -41 41 -43 -44 -45 45 -47 -48 -49 49 -51 57 -53 53 54 -56 -57 -58 -59 -60 60 -62 -63
leaf_value=-0.031370568659939979 -0.040524564850149464 -0.035625651871750992 -0.040350330363524478 -0.037779950970236252 -0.047253487452950799 -0.046696751231963513 -0.049370962163488602 -0.042270597931547242 -0.0040750195140787232 -0.037080382625562597 -0.039123620911657109 -0.041888573699919947 -0.040248211725295989 -0.043173874706958319 -0.040936552566098884 -0.046674652955979626 -0.054104810067568128 -0.038712915754929543 -0.037755267084443496 -0.04092354502637998 -0.032328800153768711 -0.031286138133609365 -0.029437395744296477 -0.040483493250738987 -0.044647747468241773 -0.040449479722192427 -0.043738643786689346 -0.0404215309720466 -0.059689534550575449 -0.023240761288452611 -0.026995661570087665 -0.050490095443049339 -0.035263620255948189 -0.056517174979191481 -0.034199457552415484 -0.04274806197666442 -0.037499533969107671 -0.045522959459750392 -0.054683983009703077 -0.043802855708230372 -0.058031953361971048 -0.021277897640941072 -0.05552056312017626 -0.04206500519316745 -0.038565947435573435 -0.048695715241873855 -0.040228870822794464 -0.043374235525792712 -0.047727671021474974 -0.038312475305798815 -0.04777880055278029 -0.03760548120478141 -0.026840191105755321 -0.042033864006078198 -0.025093806070124958 -0.042506737934313969 -0.057638825646689415 -0.024227102104850604 -0.044856530457417207 -0.040137696136983252 -0.02257401153789626 -0.028352038430852274
leaf_weight=3111.027153968811 6031.1293544769287 961.62201690673828 1372.710431098938 10115.274006843567 770.1972599029541 2401.3061227798462 1023.3477544784546 1696.0833234786987 84.466798782348633 25280.063209533691 1244.760724067688 296.88330459594727 603.76268005371094 155.18900012969971 3095.0334405899048 1814.2868614196777 241.65501308441162 15093.067394256592 25715.14219379425 925.1363582611084 1451.929292678833 419.08527088165283 130.19882297515869 7792.1871385574341 6760.592625617981 56053.717062950134 3491.8774538040161 7480.0598258972168 65.474264144897461 203.91984558105469 434.57918071746826 46.481729507446289 4662.6672534942627 234.15795993804932 3610.5807952880859 478.56189250946045 1433.9363651275635 4070.649956703186 381.84990692138672 3879.4751014709473 87.965423583984375 27.739096641540527 680.48252391815186 2550.2475786209106 3563.8491640090942 252.65069103240967 822.42673015594482 765.44912624359131 526.79293441772461 1714.5760545730591 329.12063312530518 804.6837043762207 267.39489555358887 482.06051731109619 134.69705486297607 2305.0939407348633 81.967781066894531 44.232613563537598 1312.4841041564941 285.88762664794922 142.44400978088379 657.74146270751953
leaf_count=12449 24134 3848 5493 40477 3082 9609 4095 6787 338 101160 4981 1188 2416 621 12385 7260 967 60396 102901 3702 5810 1677 521 31181 27053 224303 13973 29932 262 816 1739 186 18658 937 14448 1915 5738 16289 1528 15524 352 111 2723 10205 14261 1011 3291 3063 2108 6861 1317 3220 1070 1929 539 9224 328 177 5252 1144 570 2632
internal_value=-0.0396502 -0.0407567 -0.0431849 -0.0378975 -0.0439961 -0.0402053 -0.0396345 -0.0434913 -0.0373368 -0.0366771 -0.0453644 -0.0384799 -0.035808 -0.0392071 -0.043454 -0.041402 -0.0389274 -0.0389401 -0.0400366 -0.0436636 -0.0350487 -0.0368864 -0.0193391 -0.0389563 -0.0437888 -0.0398536 -0.0391604 -0.0387071 -0.0403234 -0.0342 -0.0312515 -0.037009 -0.0337048 -0.0483585 -0.0365349 -0.0355861 -0.0422737 -0.0475 -0.0463118 -0.0418081 -0.0346658 -0.0491386 -0.0511397 -0.0391976 -0.0384501 -0.0392387 -0.0446651 -0.0379178 -0.037463 -0.040528 -0.0371952 -0.0339709 -0.0326492 -0.0348353 -0.0383167 -0.0405864 -0.0423501 -0.0449548 -0.0410841 -0.0406558 -0.0342706 -0.0298265
internal_weight=222954 136674 25294.3 86280.6 21245.9 111379 21055.2 3147.76 65225.4 41356 13908.5 23869.4 5105.24 18764.1 5496.34 7337.37 4048.41 18233.1 105883 1166.79 13461.2 5687.51 214.666 17907.5 8005.35 95972.3 38765 35273.1 57207.3 1153.55 589.768 2881.62 7773.69 531.041 4890.58 4204.85 6375.74 5903.18 4452.5 9910.6 3726.29 115.705 1450.68 17643.3 4235.59 3816.5 2636.71 26480.6 27894.8 2241.37 25653.4 1508.91 1088.07 884.152 616.758 3739.03 685.73 373.353 8792.54 2124.41 428.332 704.223
internal_count=892167 546909 101217 345258 85017 445692 84254 12596 261004 165489 55656 95515 20429 75086 21994 29361 16200 72961 423698 4669 53866 22759 859 71658 32034 384040 155121 141148 228919 4616 2360 11531 31107 2125 19570 16826 25513 23622 17817 39658 14911 463 5805 70601 16949 15272 10551 105964 111623 8969 102654 6038 4354 3538 2468 14962 2744 1494 35184 8501 1714 2818
is_linear=0
shrinkage=1


end of trees

feature_importances:
ls_divergence=9
taker_cvd_24h=6
atr_14=6
mom_z_24h=5
oi_zscore=5
taker_cvd_12h=5
oi_chg_24h=4
gk_vol_24h=4
rvol_24h=4
residual_12h=3
oi_chg_12h=3
rvol_12h=3
pct_coins_up_1h=3
residual_24h=2

parameters:
[boosting: gbdt]
[objective: binary]
[metric: auc]
[tree_learner: serial]
[device_type: cpu]
[data_sample_strategy: bagging]
[data: ]
[valid: ]
[num_iterations: 600]
[learning_rate: 0.03]
[num_leaves: 63]
[num_threads: -1]
[seed: 7]
[deterministic: 0]
[force_col_wise: 0]
[force_row_wise: 0]
[histogram_pool_size: -1]
[max_depth: -1]
[min_data_in_leaf: 100]
[min_sum_hessian_in_leaf: 0.001]
[bagging_fraction: 0.8]
[pos_bagging_fraction: 1]
[neg_bagging_fraction: 1]
[bagging_freq: 0]
[bagging_seed: 17422]
[bagging_by_query: 0]
[feature_fraction: 0.8]
[feature_fraction_bynode: 1]
[feature_fraction_seed: 7040]
[extra_trees: 0]
[extra_seed: 6516]
[early_stopping_round: 0]
[early_stopping_min_delta: 0]
[first_metric_only: 0]
[max_delta_step: 0]
[lambda_l1: 0]
[lambda_l2: 1]
[linear_lambda: 0]
[min_gain_to_split: 0]
[drop_rate: 0.1]
[max_drop: 50]
[skip_drop: 0.5]
[xgboost_dart_mode: 0]
[uniform_drop: 0]
[drop_seed: 15215]
[top_rate: 0.2]
[other_rate: 0.1]
[min_data_per_group: 100]
[max_cat_threshold: 32]
[cat_l2: 10]
[cat_smooth: 10]
[max_cat_to_onehot: 4]
[top_k: 20]
[monotone_constraints: ]
[monotone_constraints_method: basic]
[monotone_penalty: 0]
[feature_contri: ]
[forcedsplits_filename: ]
[refit_decay_rate: 0.9]
[cegb_tradeoff: 1]
[cegb_penalty_split: 0]
[cegb_penalty_feature_lazy: ]
[cegb_penalty_feature_coupled: ]
[path_smooth: 0]
[interaction_constraints: ]
[verbosity: -1]
[saved_feature_importance_type: 0]
[use_quantized_grad: 0]
[num_grad_quant_bins: 4]
[quant_train_renew_leaf: 0]
[stochastic_rounding: 1]
[linear_tree: 0]
[max_bin: 255]
[max_bin_by_feature: ]
[min_data_in_bin: 3]
[bin_construct_sample_cnt: 200000]
[data_random_seed: 61]
[is_enable_sparse: 1]
[enable_bundle: 1]
[use_missing: 1]
[zero_as_missing: 0]
[feature_pre_filter: 1]
[pre_partition: 0]
[two_round: 0]
[header: 0]
[label_column: ]
[weight_column: ]
[group_column: ]
[ignore_column: ]
[categorical_feature: ]
[forcedbins_filename: ]
[precise_float_parser: 0]
[parser_config_file: ]
[objective_seed: 15521]
[num_class: 1]
[is_unbalance: 0]
[scale_pos_weight: 1]
[sigmoid: 1]
[boost_from_average: 1]
[reg_sqrt: 0]
[alpha: 0.9]
[fair_c: 1]
[poisson_max_delta_step: 0.7]
[tweedie_variance_power: 1.5]
[lambdarank_truncation_level: 30]
[lambdarank_norm: 1]
[label_gain: ]
[lambdarank_position_bias_regularization: 0]
[eval_at: ]
[multi_error_top_k: 1]
[auc_mu_weights: ]
[num_machines: 1]
[local_listen_port: 12400]
[time_out: 120]
[machine_list_filename: ]
[machines: ]
[gpu_platform_id: -1]
[gpu_device_id: -1]
[gpu_use_dp: 0]
[num_gpu: 1]

end of parameters

pandas_categorical:[]
