tree
version=v4
num_class=1
num_tree_per_iteration=1
label_index=0
max_feature_idx=151
objective=lambdarank
feature_names=ret_1h ret_2h ret_4h ret_6h ret_12h ret_24h ret_48h ret_72h ret_168h close_open_ratio high_close_ratio low_close_ratio lower_shadow close_ma6_ratio close_ma12_ratio close_ma24_ratio vol_ma24_ratio close_ma48_ratio close_ma72_ratio close_ma168_ratio vol_ma168_ratio close_ma336_ratio vol_ma336_ratio close_ma720_ratio vol_ma720_ratio gk_vol_12h gk_vol_24h gk_vol_48h gk_vol_168h ret_std_24h ret_skew_24h ret_kurt_24h ret_mean_24h ret_sharpe_24h ret_std_48h ret_skew_48h ret_kurt_48h ret_mean_48h ret_sharpe_48h ret_std_168h ret_skew_168h ret_kurt_168h ret_mean_168h ret_sharpe_168h vol_mom_24h vwap_dev_12h vwap_dev_24h vwap_dev_48h vol_price_corr_24h vol_price_corr_48h vol_price_corr_168h buy_pressure rsi_6 rsi_12 rsi_14 rsi_24 macd macd_signal macd_diff bb_high_20 bb_low_20 bb_width_20 bb_pband_20 bb_high_48 bb_low_48 bb_width_48 bb_pband_48 atr_14 atr_24 atr_48 adx adx_pos adx_neg stoch_d cci_14 cci_48 obv_ma_ratio_12 obv_ma_ratio_24 obv_ma_ratio_48 mfi_14 btc_ret_1h btc_ret_4h btc_ret_12h btc_ret_24h btc_ret_48h btc_ret_168h eth_ret_1h eth_ret_4h eth_ret_12h eth_ret_24h btc_regime_24 btc_vol_24h eth_btc_ret_24h market_dispersion ret_vs_btc_24h regime_btc_dd_720 regime_low_vol breadth_pct_positive regime_breadth_bullish regime_composite mom_12h_zscore vwap_12h_dist mom_3d mom_7d mom_accel_12h vol_trend_12_48 is_asian_session range_expansion_12h ret_12h_cs_rank vol_12h_cs_rank fng_value fng_ma7 fng_ma30 fng_momentum funding_rate market_funding_std funding_vs_market reversal_4v24 reversal_12v48 reversal_24v168 dispersion_regime ret_skew_48h_cs ret_skew_168h_cs btc_beta_48h btc_beta_168h news_count_1h news_count_24h news_count_7d news_sentiment_24h news_sentiment_7d news_sentiment_momentum news_volume_zscore market_news_count_24h market_news_sentiment_24h oi_value_usd top_ls_ratio top_long_pct global_ls_ratio global_long_pct oi_change_4h oi_change_12h oi_change_24h oi_zscore_7d oi_ret_interaction_12h oi_change_12h_cs taker_cvd_12h taker_cvd_24h top_ls_change_12h top_ls_change_24h top_ls_zscore ls_divergence funding_rate_binance
feature_infos=[-0.47999999999999998:0.5] [-0.47999999999999998:0.5] [-0.47999999999999998:0.5] [-0.47999999999999998:0.5] [-0.47999999999999998:0.5] [-0.47999999999999998:0.5] [-0.47999999999999998:0.5] [-0.47999999999999998:0.5] [-0.47999999999999998:0.5] [-0.47999999999999998:0.5] [-0.47999999999999998:0.5] [-0.47999999999999998:0.5] [-0.47999999999999998:0.5] [-0.47999999999999998:0.5] [-0.47999999999999998:0.5] [-0.47999999999999998:0.5] [-0.47999999999999998:0.5] [-0.47999999999999998:0.5] [-0.47999999999999998:0.5] [-0.47999999999999998:0.5] [-0.47999999999999998:0.5] [-0.47999999999999998:0.5] [-0.47999999999999998:0.5] [-0.47999999999999998:0.5] [-0.47999999999999998:0.5] [-0.47999999999999998:0.5] [-0.47999999999999998:0.5] [-0.47999999999999998:0.5] [-0.47999999999999998:0.5] [-0.47999999999999998:0.5] [-0.47999999999999998:0.5] [-0.47999999999999998:0.5] [-0.47999999999999998:0.5] [-0.47999999999999998:0.5] [-0.47999999999999998:0.5] [-0.47999999999999998:0.5] [-0.47999999999999998:0.5] [-0.47999999999999998:0.5] [-0.47999999999999998:0.5] [-0.47999999999999998:0.5] [-0.47999999999999998:0.5] [-0.47999999999999998:0.5] [-0.47999999999999998:0.5] [-0.47999999999999998:0.5] [-0.47999999999999998:0.5] [-0.47999999999999998:0.5] [-0.47999999999999998:0.5] [-0.47999999999999998:0.5] [-0.47999999999999998:0.5] [-0.47999999999999998:0.5] [-0.47999999999999998:0.5] [-0.47999999999999998:0.5] [-0.47999999999999998:0.5] [-0.47999999999999998:0.5] [-0.47999999999999998:0.5] [-0.47999999999999998:0.5] [-0.47999999999999998:0.5] [-0.47999999999999998:0.5] [-0.47999999999999998:0.5] [-0.47999999999999998:0.5] [-0.47999999999999998:0.5] [-0.47999999999999998:0.5] [-0.47999999999999998:0.5] [-0.47999999999999998:0.5] [-0.47999999999999998:0.5] [-0.47999999999999998:0.5] [-0.47999999999999998:0.5] [-0.47999999999999998:0.5] [-0.47999999999999998:0.5] [-0.47999999999999998:0.5] [-0.47999999999999998:0.5] [-0.47999999999999998:0.5] [-0.47999999999999998:0.5] [-0.47999999999999998:0.5] [-0.47999999999999998:0.5] [-0.47999999999999998:0.5] [-0.47999999999999998:0.5] [-0.47999999999999998:0.5] [-0.47999999999999998:0.5] [-0.47999999999999998:0.5] [-0.47999999999999998:0.5] [-0.47999999999999998:0.5] [-0.47999999999999998:0.5] [-0.47999999999999998:0.5] [-0.47999999999999998:0.5] [-0.47999999999999998:0.5] [-0.47999999999999998:0.5] [-0.47999999999999998:0.5] [-0.47999999999999998:0.5] [-0.47999999999999998:0.5] [0:1] [-0.47999999999999998:0.5] [-0.47999999999999998:0.5] [0.010000000000000009:0.5] [-0.47999999999999998:0.5] [-0.63521325324730005:0] [0:1] [0:1] [0:1] [0:1] [-0.47999999999999998:0.5] [-0.47999999999999998:0.5] [-0.47999999999999998:0.5] [-0.47999999999999998:0.5] [-0.47999999999999998:0.5] [-0.47999999999999998:0.5] [0:1] [-0.47999999999999998:0.5] [-0.47999999999999998:0.5] [-0.47999999999999998:0.5] [5:95] [0:94] [0:92.349999999999994] [-59.00277777777778:50.206944444444446] [0.010000000000000009:0.5] [0.010000000000000009:0.5] [0.010000000000000009:0.5] [-0.47999999999999998:0.5] [-0.47999999999999998:0.5] [-0.47999999999999998:0.5] [-0.47999999999999998:0.5] [-0.47999999999999998:0.5] [-0.47999999999999998:0.5] [-0.47999999999999998:0.5] [-0.47999999999999998:0.5] [-0.20000000000000001:0.5] [-0.39130434782608697:0.5] [-0.47916666666666669:0.5] [-0.21934791666666664:0.23646250000000002] [-0.1005007271905639:0.17260187174475344] [-0.18585726190476193:0.17954166666666665] [-0.47999999999999998:0.5] [0:6.75343791859778] [-0.097653905550467934:0.17601198324762482] [-0.47999999999999998:0.5] [-0.47999999999999998:0.5] [-0.47999999999999998:0.5] [-0.47999999999999998:0.5] [-0.47999999999999998:0.5] [-0.47999999999999998:0.5] [-0.47999999999999998:0.5] [-0.47999999999999998:0.5] [-0.47999999999999998:0.5] [-0.47999999999999998:0.5] [-0.47999999999999998:0.5] [-0.47999999999999998:0.5] [-0.47999999999999998:0.5] [-0.47999999999999998:0.5] [-0.47999999999999998:0.5] [-0.47999999999999998:0.5] [-0.47999999999999998:0.5] [-0.47999999999999998:0.5]
tree_sizes=3668 3636 3639 3636 3641 3629 3651 3644 3637 3609 3643

Tree=0
num_leaves=31
num_cat=0
split_feature=23 14 54 1 56 114 10 85 136 98 63 39 136 8 75 38 133 124 58 117 54 50 134 34 0 51 117 41 127 129
split_gain=203.2 183.601 113.249 44.0453 41.5261 52.8666 40.8104 38.8964 35.2598 22.9746 66.2263 27.1688 22.6035 22.3165 22.2522 21.593 21.5717 21.2548 20.2425 19.1973 19.0061 18.1307 16.0739 15.5057 14.5335 14.1472 14.0502 13.7557 13.6934 12.5944
threshold=0.28319623971797891 -0.27207792207792203 0.28319623971797891 -0.050510204081632641 0.45180023228803717 0.012049941927990694 0.3816526610644258 0.010990338164251214 -0.3876262626262626 1.0000000180025095e-35 0.40121951219512203 -0.31725417439703146 -0.40212765957446805 0.16333333333333336 -0.10208333333333332 0.30600358422939072 0.039837283902440228 -0.21269841269841269 0.45959183673469389 0.17928571428571435 0.38762626262626265 0.41010101010101013 0.45698427382053664 -0.29795918367346935 -0.32426470588235284 -0.26020833333333326 -0.034108527131782938 0.49000000000000005 -0.40757000474608446 0.0020238095238095219
decision_type=2 2 2 2 2 2 2 2 2 2 2 2 2 2 2 2 2 2 2 2 2 2 2 2 2 2 2 2 2 2
left_child=1 6 8 22 5 14 16 12 -2 10 17 -11 27 -9 -5 -13 24 -10 -15 -7 23 -12 25 -6 -1 -3 -18 -4 -14 -29
right_child=2 3 7 4 20 19 -8 13 9 11 21 15 28 18 -16 -17 26 -19 -20 -21 -22 -23 -24 -25 -26 -27 -28 29 -30 -31
leaf_value=0.0023240947130613037 0.00251514523612059 0.0003087127513947756 0.0035707687230624118 -0.0013213484318684251 0.001202232725814825 -0.0012498156429793848 0.0024005147226912348 0.00056413730274907986 -0.0014441092985584129 0.002105787595022039 0.0037773393742810465 -0.0011750766266288408 -0.0030154269474573494 0.0029108998197816638 -0.00044618447832320735 0.00072845684158059671 0.00029144772269664115 0.00046362562414798352 0.0054014646046610139 -0.0023448793974204557 0.0021568818834649542 0.00083434875896287524 0.0022900428958467661 -0.0014991866476377327 0.00079351059319587619 -0.00047077160907767093 -0.0015056175480511866 -0.012149293740347233 0.0010102702661512692 0.00084441370544580802
leaf_weight=775.24280402131262 659.03648724063532 3285.8886625704617 499.54264042142677 4206.6246271423006 398.72842326242244 3214.9035937355366 1597.7317486690881 342.40723318888922 868.1546700989129 371.37257867190056 683.2980251085246 2586.0807240410068 85.954956420056988 2052.9775679552695 9590.3257082948367 766.66891997790663 2272.0782019225226 1770.9480834581736 404.77988145319978 3319.7914155606995 550.7827132200473 316.45849519583862 255.13522294198629 449.81439147747005 3346.4716961414088 7892.0610519473521 536.57055583043257 9.4510804146993923 2096.0176259873115 21.577584039303474
leaf_count=17936 16174 79609 12133 115805 9398 57947 34931 6805 20530 8797 13852 58231 2189 38029 258092 16243 60956 39462 6620 58918 10822 6789 6878 9515 75489 189845 14852 228 50340 462
internal_value=-4.24056e-06 -0.000350031 0.00106014 -0.00068672 -0.000951158 -0.00106604 0.000958039 0.00216374 0.000300321 0.000100407 0.000666527 -0.000450097 0.00130301 0.0029932 -0.000713819 -0.000736729 0.000623748 -0.000160461 0.00332718 -0.00180794 0.000710436 0.00285754 -0.000183186 -0.000218104 0.00108431 -0.000240731 -4.87222e-05 0.00315934 0.000845795 -0.0030569
internal_weight=55226.9 41692.2 13534.7 33164.1 21731 20331.6 8528.1 5512.71 8022.02 7362.98 3638.86 3724.12 2712.54 2800.16 13797 3352.75 6930.36 2639.1 2457.76 6534.7 1399.33 999.757 11433.1 848.543 4121.71 11177.9 2808.65 530.571 2181.97 31.0287
internal_count=1297877 1000993 296884 796829 520497 490762 204164 116806 180078 163904 80633 83271 65352 51454 373897 74474 169233 59992 44649 116865 29735 20641 276332 18913 93425 269454 75808 12823 52529 690
is_linear=0
shrinkage=0.01


Tree=1
num_leaves=31
num_cat=0
split_feature=55 101 23 23 0 138 129 87 113 125 109 83 95 110 66 22 150 103 0 91 121 105 82 109 27 90 30 76 17 132
split_gain=1843.04 847.186 664.961 270.997 187.718 176.746 172.967 171.499 158.619 147.983 175.862 144.721 165.977 144.459 141.53 117.801 117.33 111.371 107.424 103.654 100.284 114.387 98.1392 90.8885 85.8915 91.9816 78.8189 77.4878 71.5056 68.4945
threshold=0.41010101010101013 -0.25878787878787873 0.31909090909090915 0.26253132832080206 -0.25931034482758614 0.010421189752496731 0.024789280753968263 0.018874643874643885 16.478472222222223 0.14583333333333334 0.41864313292884731 0.028991596638655474 -0.3687368549091965 86.500000000000014 -0.3876262626262626 0.42052631578947375 0.33836734693877557 0.40550595238095244 0.080322580645161304 0.46551268498942927 0.31016731016731025 0.45180023228803717 0.22500000000000001 -0.1633333333333333 0.47801932367149763 1.0000000180025095e-35 0.24037037037037037 0.45505050505050515 -0.44058823529411756 6.2215832190855549
decision_type=2 2 2 2 2 2 2 2 2 2 2 2 2 2 2 2 2 2 2 2 2 2 2 2 2 2 2 2 2 2
left_child=1 4 5 9 7 19 8 28 11 23 22 12 -5 27 -4 -13 17 -16 -7 -3 -8 -22 -11 -2 25 -12 -18 -10 -1 -20
right_child=3 2 14 6 -6 18 20 -9 13 10 24 15 -14 -15 16 -17 26 -19 29 -21 21 -23 -24 -25 -26 -27 -28 -29 -30 -31
leaf_value=0.0018650400567399412 0.0011450348233220762 -0.00099337725290796772 -0.0027130918907570974 -0.0048204138657545106 -0.00013601615464032936 -0.001425595011542149 0.0062755624052236968 0.0024800222876562939 -0.0020663700883500314 0.0040188677206776284 -0.0032122555755244469 0.0049141900348952028 0.0020409296523206406 0.007314750438752792 -0.00059831807349112489 0.0019633545244903934 0.0024896994257728763 0.00096666684194283666 -0.0023907921624543582 0.0012665819672633741 0.0012294033463697144 0.0077555975632635377 0.013690493150430845 -0.0014515318579186058 -0.0069749610783832287 0.0086699924737144562 0.00012553496229924494 0.002261167849577301 0.00031778254607380278 0.00094983176962672817
leaf_weight=3793.7833520069835 2092.7421467204113 9404.2599965197587 1501.4662119182758 357.20911416085437 19717.867739259789 28964.661483506614 1635.9178847363219 7130.1647289225366 1769.230471415678 1015.7056643418036 160.36652471125126 3390.3313245922327 19723.093484275538 225.43171826074831 10927.731057861965 2278.0349052129313 3950.6916192381323 7785.3379856864922 25584.836346647295 2583.7514427101705 1199.4713292815723 347.36317648238037 117.66738128662109 3772.2235512397019 209.06143351458013 107.68976542260498 2207.0554879438132 537.15565206133761 14151.75652560062 624.00325937464368
leaf_count=15417 14183 153118 8580 1078 162794 306058 4507 19915 3822 5069 513 4200 56934 389 60484 2609 14497 28805 263662 21546 3833 1033 105 34319 219 547 8420 1165 88280 10911
internal_value=3.78319e-06 -0.000537154 -0.00107876 0.00192565 0.00059356 -0.00160714 0.00233231 0.00116763 0.00208278 0.000212653 0.00289759 0.00231766 0.00191814 -0.000301956 0.000266456 0.00373061 0.000446837 5.22568e-05 -0.00184633 -0.000505394 0.00454502 0.00270548 0.00504298 -0.000523281 -0.00217767 0.00153867 0.00164412 -0.00105361 0.000645524 -0.00231084
internal_weight=177266 138327 93533.8 38938.7 44793.6 67161.5 31463.2 25075.7 28280.5 7475.46 1610.49 25748.7 20080.3 2531.82 26372.3 5668.37 24870.8 18713.1 55173.5 11988 3182.75 1546.83 1133.37 5864.97 477.118 268.056 6157.75 2306.39 17945.5 26208.8
internal_count=1297012 1162487 876081 134525 286406 755295 79570 123612 70197 54955 6453 64821 58012 5376 120786 6809 112206 89289 580631 174664 9373 4866 5174 48502 1279 1060 22917 4987 103697 274573
is_linear=0
shrinkage=0.01


Tree=2
num_leaves=31
num_cat=0
split_feature=23 13 57 53 59 137 109 6 96 137 97 23 118 142 27 4 9 137 137 86 137 33 39 127 53 103 81 29 64 97
split_gain=2209.28 980.337 576.438 462.265 251.679 225.283 203.737 179.121 179.096 148.554 145.791 145.25 158.201 134.917 124.314 123.392 119.395 118.285 118.052 117.358 108.85 105.722 100.81 94.0696 87.9845 86.4627 85.7456 85.0163 76.0999 64.5733
threshold=0.28319623971797891 -0.27207792207792203 0.43405797101449284 0.3585714285714286 0.44058823529411767 -0.39472517730496448 -0.38047619047619041 -0.4086270871985157 1.0000000180025095e-35 0.012660256410256367 0.4555335968379447 0.46076923076923082 0.44935897435897437 0.23124999999999998 -0.45180023228803712 0.44058823529411767 -0.14365079365079361 -0.46295454545454545 0.12111111111111113 0.018874643874643885 0.010421189752496731 0.45180023228803717 0.45698427382053664 0.019615384615384649 0.32732919254658394 0.14644607843137261 0.010753931544865871 -0.1236111111111111 -0.27664399092970515 1.0000000180025095e-35
decision_type=2 2 2 2 2 2 2 2 2 2 2 2 2 2 2 2 2 2 2 2 2 2 2 2 2 2 2 2 2 2
left_child=1 4 16 5 19 -2 8 10 26 -10 27 14 22 -14 -8 25 -3 -4 -16 -1 -18 -22 -13 -19 -25 -9 -5 -7 -11 -6
right_child=3 2 17 6 29 7 11 15 9 28 -12 12 13 -15 18 -17 20 23 -20 -21 21 -23 -24 24 -26 -27 -28 -29 -30 -31
leaf_value=-0.00051650759072869592 0.002050183661576862 -0.0011863769963327557 0.0074501773416324217 -0.007723830816753827 0.0052548743720082633 -0.0040724139065085024 0.0059709588465388366 -0.0016433440966383587 0.003506539296347188 0.00057007785665901597 -0.00089710913443287639 0.0025307416258807192 0.0047617882747074663 0.0017613533235150147 0.0012763176325059377 0.0021664841774096115 -0.0011296372598766757 -0.0019660029610856205 -0.0028054779070088576 0.0010940433238472319 -0.0025690223860294213 -0.00048921991940327112 0.00010434884752165226 -0.00019686261317366176 0.0018940774493190894 -0.00012429440069458431 0.0010801601523466014 0.0037582983848924011 0.0086492003674137289 0.002038598088008642
leaf_weight=11550.785013728746 7272.9955637296662 15588.30896342959 251.04106400022283 156.98324495065026 704.1541255551856 144.48778635030612 545.01057527808007 4720.7266255404684 3189.5192334846361 134.87369948253036 1151.8237172146328 4202.5592340779258 4238.7545888807508 2340.3374541067751 20057.69112402288 1975.2591475670342 7879.8565637257561 1321.1825879722601 732.11550797359087 7434.0282963281497 35224.637385347101 2639.8532216147287 2904.3039864436723 3788.3738943419885 4272.5594772890327 18241.387945699113 363.90886343084276 2584.1230919947266 1015.9034895133227 5857.2134017343051
leaf_count=145411 27103 180223 762 390 2109 928 1587 40039 6448 204 11839 7410 6477 4214 50810 6280 128226 15099 3403 25787 425139 15485 5109 22630 12615 112553 688 9391 1612 27143
internal_value=2.23073e-05 -0.000981756 -0.00158649 0.00129795 0.000697756 0.000477579 0.00204005 8.02828e-05 0.00396004 0.00462547 0.00207886 0.00177315 0.00257793 0.00369641 0.00125633 -0.00023038 -0.00194371 0.000686807 0.00113197 0.000113646 -0.00220153 -0.0024243 0.00154073 0.000503996 0.000910261 -0.000437086 -0.00156369 0.00333864 0.00771231 0.00238604
internal_weight=172485 96512 70965.8 75972.8 25546.2 36090.8 39882 28817.8 4861.19 4340.3 3880.43 35020.8 13686 6579.09 21334.8 24937.4 61332.7 9633.16 20789.8 18984.8 45744.3 37864.5 7106.86 9382.12 8060.93 22962.1 520.892 2728.61 1150.78 6561.37
internal_count=1297114 1000629 800179 296485 200450 208133 88352 181030 9342 8264 22158 79010 23210 10691 55800 158872 749073 51106 54213 171198 568850 440624 12519 50344 35245 152592 1078 10319 1816 29252
is_linear=0
shrinkage=0.01


Tree=3
num_leaves=31
num_cat=0
split_feature=23 101 54 56 10 17 136 110 111 33 23 87 66 61 39 29 141 40 38 110 111 65 1 129 73 65 76 121 28 70
split_gain=2202.18 1080.46 594.226 585.325 285.575 175.508 176.293 163.427 162.716 167.842 143.851 138.526 133.963 121.701 121.642 116.288 109.283 108.227 103.975 101.66 101.413 108.161 99.2753 97.4431 96.3793 93.1432 91.3242 89.1517 79.6179 79.0976
threshold=0.28319623971797891 -0.27207792207792203 0.41010101010101013 0.43908472479901062 0.34529914529914535 -0.44058823529411756 -0.3876262626262626 83.500000000000014 21.029761904761909 0.49000000000000005 0.49000000000000005 0.013701201201201165 0.22046511627906976 0.26253132832080206 -0.36285266457680249 -0.28024390243902436 0.13154392191659278 0.39897959183673476 0.47646733111849393 83.500000000000014 75.931547619047635 0.37779990044798412 -0.10791925465838507 1.0000000180025095e-35 0.49000000000000005 0.31909090909090915 0.12034482758620692 -0.36285266457680249 -0.097872340425531903 0.47646733111849393
decision_type=2 2 2 2 2 2 2 2 2 2 2 2 2 2 2 2 2 2 2 2 2 2 2 2 2 2 2 2 2 2
left_child=1 4 5 8 11 13 20 10 9 -3 14 -1 25 -2 16 18 -4 -9 -5 22 -7 -22 -10 -16 -17 -8 -12 -15 -26 -28
right_child=2 3 7 15 -6 6 12 17 19 -11 26 -13 -14 27 23 24 -18 -19 -20 -21 21 -23 -24 -25 28 -27 29 -29 -30 -31
leaf_value=-0.0010616254692595542 -0.00030478269847386037 -0.0012698931631087696 0.0054582925622449052 0.0014358518335196677 0.0019334908309001349 0.0013834775658843937 -0.0012824689494249561 0.0066879640364714468 -0.0015064487186591884 0.0035642474719305367 0.0017712919123057248 0.00084880330105901081 0.00067186404918905527 -0.00052625940014331307 0.00055211356673427921 -0.00097267698996872582 0.0015429886725186915 0.00086458350119798539 0.0068756957744619844 -0.0044243767362843814 0.012118482077457271 -0.001555790579950346 -0.0025280274756787082 0.001989492977928913 -0.0013457696000328109 0.00019920671126296869 0.0046053931730807764 0.0040215680683044798 0.0037775131222634851 0.0021862565277913286
leaf_weight=8368.6678076968528 1265.3073547680979 7213.0003632360458 1483.496524007991 3014.7003217343008 10707.705296630389 7611.841691631882 10086.795340734592 1301.9291356727481 13542.325764302339 795.84159614169039 3326.0014745611697 6940.3884532013908 13357.762487275468 503.80478871264495 8423.9436993373674 4399.3542995145544 1390.959723703636 428.55402723001316 398.68501828843728 2218.9101480082609 177.64353232295252 83.438618015497923 32503.129680397222 10786.235515115754 450.83723971084692 7304.0679793780146 4249.0994218445849 2827.6350510181219 908.89001497800928 2014.5220456931274
leaf_count=125142 7554 70212 2598 18854 46917 18266 91073 2243 184351 2038 4881 27895 61683 1567 19718 26629 2828 720 839 34995 424 207 459358 25671 1250 38615 6162 9253 1939 2841
internal_value=4.80025e-06 -0.00104279 0.00125541 -0.00172811 0.000680751 0.00048087 0.000260701 0.00225714 -0.00210996 -0.000787889 0.002093 -0.000194877 -8.08723e-05 0.00232808 0.00164782 0.000613415 0.00356834 0.00525291 0.00207598 -0.00232911 0.00159586 0.00772094 -0.00222783 0.00135976 -0.000251918 -0.000659623 0.00311689 0.00333086 0.00207172 0.00382941
internal_weight=168085 91462.4 76623 65445.7 26016.8 43218.3 38621.5 33404.7 56273.2 8008.84 31674.3 15309.1 30748.6 4596.75 22084.6 9172.47 2874.46 1730.48 3413.39 48264.4 7872.92 261.082 46045.5 19210.2 5759.08 17390.9 9589.62 3331.44 1359.73 6263.62
internal_count=1296723 1000419 296304 800465 199954 228642 210268 67662 750954 72250 64699 153037 191371 18374 50815 49511 5426 2963 19693 678704 18897 631 643709 45389 29818 129688 13884 10820 3189 9003
is_linear=0
shrinkage=0.01


Tree=4
num_leaves=31
num_cat=0
split_feature=23 13 55 55 59 111 17 66 83 137 109 83 85 137 49 118 137 75 111 109 21 36 132 13 21 61 39 65 100 77
split_gain=1950.33 1042.1 436.232 430.026 216.33 212.987 205.022 196.685 165.345 163.212 160.196 167.372 150.862 234.692 135.833 146.618 122.798 121.815 120.437 114.421 109.926 107.925 106.311 104.501 100.457 86.5952 86.0924 83.3921 94.9772 77.3266
threshold=0.28319623971797891 -0.27207792207792203 0.41010101010101013 0.39897959183673476 0.44058823529411767 82.050595238095255 -0.44058823529411756 -0.36576576576576575 0.014928698752228133 -0.34021276595744671 0.2525510204081633 0.22500000000000001 0.010990338164251214 -0.39472517730496448 0.40121951219512203 0.31016731016731025 -0.47894503546099287 0.26138716356107666 82.050595238095255 -0.30901722391084091 0.060487804878048841 0.46076923076923082 6.2015223456153068 0.26163419913419916 0.47752525252525257 -0.26043478260869563 -0.39528508771929821 -0.059411764705882351 0.38047619047619052 0.47849213691026832
decision_type=2 2 2 2 2 2 2 2 2 2 2 2 2 2 2 2 2 2 2 2 2 2 2 2 2 2 2 2 2 2
left_child=1 4 18 6 8 12 7 -2 -1 20 11 16 13 25 19 -16 -4 -11 22 -14 -8 27 23 -3 -19 -5 -15 -7 -29 -12
right_child=3 2 10 5 -6 21 9 -9 -10 17 29 -13 14 26 15 -17 -18 24 -20 -21 -22 -23 -24 -25 -26 -27 -28 28 -30 -31
leaf_value=-0.00086559326438260967 0.00058971496533243744 -0.0017848145457419501 0.0076324916489883387 -0.00036464904740434449 0.0019324506893392682 0.010487512921044322 0.0048896718972397087 0.0044100894366387415 0.0010725101991685396 -0.00099006983469774375 -0.0012179859449176138 0.013675230425932555 0.0052302004085215594 0.002511871483659413 -0.00011428378892261211 0.0025766587093818405 0.00068783361357046548 2.5102063981958899e-05 -0.0044117068705898195 0.0025674048416265568 0.00083998288901727957 -0.0041973083606823558 0.00018174096732735611 -0.0028356837664963741 0.0030690714664686732 0.0023913390297424569 -0.00051866481336798446 0.0016078781751377347 0.0064138606571462206 -0.0067390511946590513
leaf_weight=9783.8608420099481 3471.783837424824 37418.371241190238 265.68991640926106 1289.4339152306784 8674.1782471826882 285.17687918897718 739.84085952281021 2209.5151958353817 8000.3060053824447 14181.069658539869 1593.6313616157277 105.02520359307528 1990.1126536359079 1066.4441568239708 3721.1984009603621 4422.421452996321 5843.0259703569463 5343.1577437185042 2085.581367545994 8797.6107406977098 7214.1645457011473 121.14088887907565 2216.5335670363565 12738.508746097737 1361.3543667538033 9437.4615278582787 7672.1362569951743 664.21250018244609 1110.2960769287311 302.82936512120068
leaf_count=144063 13720 499756 520 2408 29429 529 2873 4771 27671 123592 13123 141 3205 2471 7378 7113 39222 33283 35283 16223 30432 277 43763 166055 3666 17416 24093 1502 1808 1265
internal_value=-2.4407e-05 -0.00102566 -0.00172924 0.00116242 0.000637813 0.00186042 0.000341629 0.00207777 5.72233e-06 -9.8596e-08 0.000433399 0.00121085 0.00168726 0.00106807 0.00232331 0.00134595 0.000992718 -0.000464697 -0.00205149 0.00306 0.00121849 0.00490227 -0.00195723 -0.00205196 0.000645038 0.00205912 -0.000147433 0.00544409 0.00462249 -0.00210795
internal_weight=164126 89027.5 62569.2 75098.5 26458.3 40577.6 34520.9 5681.3 17784.2 28839.6 8110.2 6213.74 38396.8 19465.5 18931.3 8143.62 6108.72 20885.6 54459 10787.7 7954.01 2180.83 52373.4 50156.9 6704.51 10726.9 8738.58 2059.69 1774.51 1896.46
internal_count=1297051 1000291 799128 296760 201163 84423 212337 18491 171734 193846 54271 39883 80307 46388 33919 14491 39742 160541 744857 19428 33305 4116 709574 665811 36949 19824 26564 3839 3310 14388
is_linear=0
shrinkage=0.01


Tree=5
num_leaves=31
num_cat=0
split_feature=43 101 136 66 57 9 26 112 141 15 50 19 150 70 6 36 39 124 89 110 68 42 99 85 142 113 79 21 113 150
split_gain=1852.05 885.807 457.912 313.037 257.275 223.544 172.972 167.164 202.438 166.255 150.397 142.79 133.15 113.564 127.731 110.209 100.246 95.0221 91.7795 91.2096 87.869 106.056 87.16 86.0359 83.5551 83.1879 82.9179 81.634 80.8458 75.1019
threshold=0.32025641025641027 -0.34150717703349281 -0.39897959183673465 0.38047619047619052 0.42940199335548179 -0.26020833333333326 -0.24734042553191488 64.793055555555569 0.018187830687830701 -0.44058823529411756 0.43908472479901062 0.24037037037037037 0.014087301587301539 0.44935897435897437 -0.41578014184397155 -0.47979591836734686 0.41366459627329194 0.32683658170914548 0.011495771670190282 28.500000000000004 -0.33156028368794321 0.16333333333333336 0.77500000000000024 0.023532668881506128 0.057777777777777824 16.172916666666669 0.29238505747126442 0.47979591836734697 5.7506944444444423 0.014495798319327681
decision_type=2 2 2 2 2 2 2 2 2 2 2 2 2 2 2 2 2 2 2 2 2 2 2 2 2 2 2 2 2 2
left_child=1 9 19 10 5 29 22 15 28 18 13 -7 -11 14 16 -8 -2 -10 -1 -3 23 -22 -5 -6 -24 -12 -16 -17 -9 -4
right_child=3 2 4 6 20 11 7 8 17 12 25 -13 -14 -15 26 27 -18 -19 -20 -21 21 -23 24 -25 -26 -27 -28 -29 -30 -31
leaf_value=0.0012387121305441995 -6.0168247042576531e-05 -0.0040711683066069716 -0.0014812514098866165 0.0025482084100146014 0.00032170172271118162 -0.0022688067556589386 0.0089646959977441008 0.0039379397273319626 -0.00035129002053468174 -0.0010386542589808851 -0.00028447285668769243 -0.00097513980783787036 0.0010436815786732669 0.002539756739513998 -2.1774935715747491e-06 0.00073080706073513858 0.0046844455958230157 0.0036694785160062754 0.0036235205598950304 0.0023001213513004467 -0.0017035381392691243 0.0012753135831441889 0.0076393670218080599 0.0038681513400965995 0.0029723597178866359 -0.0041177159197158487 0.0016930376285025344 0.0019921026133929713 0.0077556631788897115 7.0672083037706516e-05
leaf_weight=3671.8556020576798 666.47340148425428 236.754395137541 5191.4193688414816 1572.5552215237403 2220.2780466480181 43285.551020355255 188.21477993554436 3379.804623687407 1734.8265801118687 4548.9174653632799 7013.7922605011845 10666.726114773744 9428.562965500314 4077.4623814396327 12308.68599843749 11659.787843005237 1316.1999913693871 884.98938401963096 2906.226374175516 3821.8645872930065 3463.2930686458712 1820.3001477939542 1016.2201768504456 992.51397627685219 632.97642608417664 615.83484169567237 3763.1361187960138 9218.3003761991858 673.62585292011499 7777.3402774117421
leaf_count=17894 4292 1838 84252 3938 18002 604413 393 8194 5506 57369 32496 92537 49753 12822 90444 37745 4489 2374 9946 17128 23469 8643 2292 3375 1615 2705 21525 14942 1602 61951
internal_value=-3.05709e-05 -0.00086691 -0.00134553 0.001347 -0.0015217 -0.00172982 0.00205107 0.00179559 0.00317593 0.000983125 0.000614162 -0.00201325 0.000365252 0.0010317 0.000690439 0.00135774 0.00308528 0.00100402 0.00229424 0.00192509 0.000116368 -0.000675327 0.00424639 0.00142127 0.00585707 -0.000595687 0.000394207 0.00128825 0.00457662 -0.000549861
internal_weight=160754 100032 79476 60722.9 75417.4 66921 30961.3 27739.5 6673.25 20555.6 29761.6 53952.3 13977.5 22132 18054.5 21066.3 1982.67 2619.82 6578.08 4058.62 8496.39 5283.59 3221.75 3212.79 1649.2 7629.63 16071.8 20878.1 4053.43 12968.8
internal_count=1297944 1050570 915608 247374 896642 843153 78601 70756 17676 134962 168773 696950 107122 133572 120750 53080 8781 7880 27840 18966 53489 32112 7845 21377 3907 35201 111969 52687 9796 146203
is_linear=0
shrinkage=0.01


Tree=6
num_leaves=31
num_cat=0
split_feature=23 13 66 66 93 137 65 69 111 14 150 151 84 43 137 13 37 127 150 95 118 14 141 118 134 103 66 128 111 94
split_gain=1996.63 964.637 419.217 261.022 193.052 186.986 200.518 170.475 150.645 140.536 138.837 138.284 129.911 159.681 112.632 110.832 109.633 108.634 102.854 102.782 101.804 91.4014 89.0535 85.8264 85.692 84.2142 82.991 82.1241 77.3277 72.638
threshold=0.28319623971797891 -0.27207792207792203 0.31016731016731025 0.32683658170914548 0.018874643874643885 -0.39472517730496448 0.36023255813953492 -0.3876262626262626 82.050595238095255 -0.44058823529411756 -0.097872340425531903 -0.26163419913419911 0.13392857142857148 0.095491388044579531 -0.47979591836734686 0.26163419913419916 -0.4080338266384777 -0.20431354359925785 0.012660256410256367 -0.22995601405520591 0.31016731016731025 -0.37939393939393934 -0.015555555555555571 0.20106382978723406 0.45603864734299526 -0.41091269841269834 -0.18133462282398449 0.041068749999999994 82.050595238095255 -0.46076923076923076
decision_type=2 2 2 2 2 2 2 2 2 2 2 2 2 2 2 2 2 2 2 2 2 2 2 2 2 2 2 2 2 2
left_child=1 4 5 15 9 17 -7 -5 10 25 -4 19 -9 -14 -13 24 22 26 23 -12 -18 -6 -8 -10 28 -1 -2 -25 -3 -19
right_child=2 3 8 7 21 6 16 12 18 -11 11 14 13 -15 -16 -17 20 29 -20 -21 -22 -23 -24 27 -26 -27 -28 -29 -30 -31
leaf_value=0.0032776320251534114 -0.0069579528816828733 -0.0018630648287503665 -0.0029317659749306707 0.0019840266334663235 0.0024172369368548985 -0.00098503509513853593 0.0006166688269170895 -0.0013663491881496755 -0.00064683916387446539 -0.00091653620356559875 -0.0010165038045521725 0.0042817887699356698 -0.0021266487122988628 0.0066445665502065255 0.0013566705490038603 -0.0030810224963654575 -0.00031175480957614714 0.0048761504239405208 0.0081149586111539055 0.0033338744507344733 0.0026564524472773568 0.00063527304798178077 0.0042443455792387673 0.0037021297714309865 0.0010301725174267364 0.00033865030438103195 0.00047301935171863569 0.013239003322272914 -0.0042911970162093976 0.00159654787601241
leaf_weight=1352.3120739009464 243.49164168233983 33751.188788910571 632.64723970356863 2233.1687414645567 5550.3599609695375 12795.157638373843 1245.5183862994309 9994.7556213984499 436.0951396713499 9919.912274317001 584.73266703693662 1380.3497612817446 371.91497900336981 463.96384176518768 29769.259880199534 9745.3646636841004 5959.6399788406852 751.00578106523608 560.8244637879543 6979.0538458172814 1431.4899614891037 6020.8221980971284 1500.8595210514031 1063.7402674225159 981.42533161060419 3522.9100975958281 383.9615404381766 99.120486005209386 1371.4891586615704 7018.6036548709089
leaf_count=4878 877 490990 5223 13495 11326 120015 4388 116624 1250 143648 1426 2055 471 556 76348 139388 31496 1762 1300 16027 5246 21783 4353 2312 13020 19023 1259 169 25200 20580
internal_value=-2.75242e-05 -0.00106609 0.00118834 -0.00177762 0.000523398 0.000314722 -0.000152373 -0.000529562 0.00184751 -0.000232753 0.00170586 0.00178198 -0.0010489 0.00273208 0.00148675 -0.002133 0.000897586 0.00159143 0.00442144 0.00299615 0.000262047 0.00149103 0.00260361 0.00311544 -0.00187674 0.00115643 -0.00240124 0.00453431 -0.00195828 0.00191543
internal_weight=158115 85279.6 72835.6 58913.3 26366.3 31329.7 22932.7 13063.8 41505.8 14795.1 39346 38713.4 10830.6 835.879 31149.6 45849.5 10137.5 8397.06 2159.78 7563.79 7391.13 11571.2 2746.38 1598.96 36104.1 4875.22 627.453 1162.86 35122.7 7769.61
internal_count=1296488 1000402 296086 799744 200658 189976 165498 131146 106110 167549 101079 95856 117651 1027 78403 668598 45483 24478 5031 17453 36742 33109 8741 3731 529210 23901 2136 2481 516190 22342
is_linear=0
shrinkage=0.01


Tree=7
num_leaves=31
num_cat=0
split_feature=23 14 56 55 150 55 9 10 6 75 127 110 33 23 133 110 85 26 59 110 30 41 50 65 150 94 34 80 110 129
split_gain=1898.72 881.752 561.179 411.664 240.236 171.575 169.52 161.869 149.498 124.696 121.469 125.701 107.063 104.406 102.335 101.493 95.5143 94.5684 94.2509 92.0698 90.2684 87.6212 82.6553 92.6969 81.9123 77.8564 75.9064 80.6952 75.2289 72.7902
threshold=0.28319623971797891 -0.34409722222222217 0.43405797101449284 0.39897959183673476 0.33836734693877557 0.41010101010101013 -0.24037037037037035 0.35565476190476192 -0.4086270871985157 0.27113095238095247 -0.3563492063492063 82.500000000000014 0.47467948717948721 0.44058823529411767 0.010303465358953516 10.500000000000002 -1.0000000180025095e-35 0.18819444444444447 0.27113095238095247 20.500000000000004 0.30217391304347835 0.47646733111849393 -0.046536796536796536 0.49000000000000005 0.014495798319327681 -0.1493243243243243 -0.29008567931456541 0.074175824175824148 82.500000000000014 0.044629672619047621
decision_type=2 2 2 2 2 2 2 2 2 2 2 2 2 2 2 2 2 2 2 2 2 2 2 2 2 2 2 2 2 2
left_child=1 7 6 4 8 26 24 14 18 -10 21 15 28 -11 -1 -12 -17 -7 -2 -14 22 -5 29 -24 -3 -9 27 -4 -8 -6
right_child=3 2 5 10 20 17 12 25 9 13 11 -13 19 -15 -16 16 -18 -19 -20 -21 -22 -23 23 -25 -26 -27 -28 -29 -30 -31
leaf_value=0.00088225811323044414 -0.0013033921354831954 -0.0019914568286456599 0.00050495962844138869 -9.1440889071552035e-06 0.0052389900231545484 0.003235132314261029 -0.002287288858926215 0.0025683507536032697 -0.0011739064585287557 -0.00045359760078332779 -0.0026332572450236693 0.0044418183632597861 0.0027848475992674655 0.0021819998931338026 -0.001196985353713035 -0.0048273730957680509 0.0019408363913718159 -0.00027886363381780858 0.0022600162660252657 -0.0015982009434172715 0.00011640205460615218 -0.0077348844834541639 0.0013541246158437815 0.0057487736666010448 -0.00028832876187406364 0.00048126291033511376 -0.0016603879342179985 0.011790969318183941 -0.004412004363507761 -0.0042000917186457744
leaf_weight=5686.4444496296346 950.1052806514781 4520.2232730618562 2191.8195177601883 1546.2965576337301 1131.3782841698849 2875.2624287284561 39842.228328168625 5725.1159234954393 12666.232898705115 3981.8203122388513 498.27132821734995 1959.3226448304486 735.90787504939362 2409.1497769103153 4053.3568289697869 208.00758484750986 34703.638358401135 1036.6501622813521 3335.2717459037958 1369.1570146692102 2999.1958088513347 161.50551223987713 5938.6549004010449 523.44684031512588 7568.9378367455211 2617.8522634565015 2634.7649588728091 64.38240858912468 1750.990393902699 86.133560412097722
leaf_count=31964 7546 87521 20085 4747 4130 8912 615984 21499 114699 25909 1126 3868 2280 7555 59198 464 73682 5656 12618 12807 13584 540 24084 1312 65864 11835 23666 135 32911 697
internal_value=-2.06231e-05 -0.00105883 -0.00160531 0.00115343 0.000348779 0.000740303 -0.00197562 0.000892614 -0.000219222 -0.000599101 0.00185369 0.00197295 -0.00226572 0.000538543 1.58907e-05 0.00183594 0.00190009 0.00230154 0.00146752 -6.05917e-05 0.0015912 -0.000749712 0.00216578 0.00171248 -0.00092608 0.0019148 -0.000506583 0.000836526 -0.00237708 0.00456011
internal_weight=155772 82673.1 64590.3 73098.4 34021.4 8802.88 55787.4 18082.8 23342.6 19057.2 39077 37369.2 43698.3 6390.97 9739.8 35409.9 34911.6 3911.91 4285.38 2105.06 10678.8 1707.8 7679.61 6462.1 12089.2 8342.97 4890.97 2256.2 41593.2 1217.51
internal_count=1296878 1000317 875821 296561 212134 58454 817367 124496 168327 148163 84427 79140 663982 33464 91162 75272 74146 14568 20164 15087 43807 5287 30223 25396 153385 33334 43886 20220 648895 4827
is_linear=0
shrinkage=0.01


Tree=8
num_leaves=31
num_cat=0
split_feature=55 13 138 8 15 13 67 132 8 97 82 112 145 81 121 127 57 138 54 138 88 138 138 138 47 7 82 57 97 7
split_gain=1647.67 1124.98 652.065 276.245 208.383 165.516 153.938 210.134 166.216 122.967 121.669 119.669 165.258 132.209 109.969 100.795 98.451 97.0007 96.1724 88.8955 107.908 85.9067 85.7816 82.6718 81.2499 81.181 76.8584 76.2221 71.6451 66.7352
threshold=0.40121951219512203 -0.34150717703349281 -0.34021276595744671 0.40550595238095244 -0.36285266457680249 -0.15058139534883719 -0.36576576576576575 4.9089648320872419 0.16333333333333336 0.23861283643892342 0.016397849462365614 64.793055555555569 -0.081666666666666651 0.06458333333333334 -1.0000000180025095e-35 0.4010869565217392 0.49000000000000005 -0.47979591836734686 0.30217391304347835 -0.43938775510204076 0.010527482269503509 -0.3010416666666666 -0.22170212765957442 -0.39472517730496448 0.28647416413373866 -0.44058823529411756 0.012347560975609741 0.49000000000000005 0.62645348837209314 1.0000000180025095e-35
decision_type=2 2 2 2 2 2 2 2 2 2 2 2 2 2 2 2 2 2 2 2 2 2 2 2 2 2 2 2 2 2
left_child=1 4 19 5 9 26 7 -2 23 25 21 13 -13 17 -15 -9 -7 -10 28 20 -3 -6 29 -8 -24 -1 -4 -20 -5 -17
right_child=6 2 3 18 10 16 8 15 11 -11 -12 12 -14 14 -16 22 -18 -19 27 -21 -22 -23 24 -25 -26 -27 -28 -29 -30 -31
leaf_value=0.0051385990701815522 0.0057705063305358477 0.0029114068932364246 -0.0016650052476039224 0.00040785287385214261 0.00098610600624155051 -0.0022672706380366791 0.0028185671728893735 -0.0035940486793817408 0.0040399687209742201 0.001168529131544643 0.0013271361611009126 -0.00010985784167536912 0.0032515912228994587 0.0073000890849502335 0.0023331626443226995 0.0057355330700392159 -0.00019367268198418073 0.00091195239336171066 0.001331784281783058 0.00037037197952081557 -0.0026307453201575948 -0.0014901238521974692 -0.00057620656426041411 -0.00083760009289970874 0.0064062932533162781 0.0023574754734293863 -0.00034006789515721072 0.0082393177014590119 -0.0017767624885159162 -8.7180749798610423e-05
leaf_weight=1407.1358696600655 1965.1826112157432 3557.6762481405749 8857.6630801571882 3418.9752850085497 1976.3372121920111 42502.89606814814 717.89622190987575 339.75268894009059 1035.3396816337481 9038.1156511086156 4728.5628048994113 1815.9998617203673 7392.7628604063066 561.04842957481742 2229.0510848648846 229.76060862047598 2431.4330232364591 24098.520459777763 2075.7362864345196 5192.0397741928755 387.12384413648397 4777.7889284284611 218.09485714556649 4401.0582428007619 670.19114095089026 4264.6528888369794 8702.9914234159514 173.06567179318517 2667.5784924552427 1317.7762939142995
leaf_count=4066 4345 13487 170316 21629 12206 646699 2243 1842 1457 46691 15670 5688 20711 757 3054 439 11462 70405 9030 40138 3265 69814 690 30216 1493 20778 46659 390 17957 2571
internal_value=-1.54905e-06 -0.000691706 -0.00128091 -0.0016053 0.00110676 -0.00183338 0.00155734 0.00326743 0.00136515 0.00189482 9.62801e-05 0.00159807 0.00258768 0.00127128 0.00333778 0.00149014 -0.0021553 0.00104136 0.000103566 0.00123257 0.00236446 -0.000764031 0.00220458 -0.000322446 0.00468196 0.00305 -0.001009 0.00187125 -0.000548099 0.000773997
internal_weight=153152 106160 79967.2 70830.3 26192.6 62495 46992.4 4740.76 42251.7 14709.9 11482.7 37132.7 9208.76 27924 2790.1 2775.58 44934.3 25133.9 8335.36 9136.84 3944.8 6754.13 2435.82 5118.95 888.286 5671.79 17560.7 2248.8 6086.55 1547.54
internal_count=1296168 1150257 981032 924142 169225 875136 145911 11380 134531 71535 97690 102072 26399 75673 3811 7035 658161 71862 49006 56890 16752 82020 5193 32459 2183 24844 216975 9420 39586 3010
is_linear=0
shrinkage=0.01


Tree=9
num_leaves=31
num_cat=0
split_feature=55 14 137 21 59 1 21 57 56 104 85 110 89 109 24 33 62 32 87 137 83 29 25 131 9 57 83 93 2 113
split_gain=1536.53 1073.19 629.921 336.015 182.428 151.8 142.264 174.697 123.543 112.075 219.79 110.127 106.206 103.059 102.131 119.068 92.9114 92.1986 91.8502 90.8339 88.8 108.646 81.0863 77.4916 76.2493 74.7523 135.022 74.4533 73.3532 73.2938
threshold=0.40121951219512203 -0.34409722222222217 -0.34021276595744671 0.38047619047619052 0.44058823529411767 -0.16496598639455781 0.31909090909090915 0.47979591836734697 0.43908472479901062 -0.050510204081632641 0.011766334440753036 60.500000000000007 0.019615384615384649 0.27664399092970526 0.4793792517006803 0.47752525252525257 0.24037037037037037 -0.064659977703455954 0.014087301587301539 -0.47979591836734686 0.22500000000000001 0.49000000000000005 0.47979591836734697 -0.040270270270270241 -0.22046511627906973 0.1588137472283814 0.15476190476190479 0.1125 0.35791925465838514 17.768055555555559
decision_type=2 2 2 2 2 2 2 2 2 2 2 2 2 2 2 2 2 2 2 2 2 2 2 2 2 2 2 2 2 2
left_child=1 4 -3 5 18 12 7 25 -7 14 19 29 -4 20 15 -8 -5 24 -1 23 21 -9 -21 -11 -6 27 -27 -2 -17 -12
right_child=6 2 3 16 17 8 9 13 -10 10 11 -13 -14 -15 -16 28 -18 -19 -20 22 -22 -23 -24 -25 -26 26 -28 -29 -30 -31
leaf_value=-0.00048888729872223859 -0.0010462390118492781 0.0011996562029626295 -0.0018188627888508085 -0.00067336369642056288 0.0028476945650857252 -0.0023775201083185717 0.00053609757393747353 0.0033412894359945823 -0.00037001460226767166 0.0077953703216753151 0.0027607150312295098 0.0046214991814909536 -0.00023886714590919581 -0.0025993107614281784 -0.00075438270562018072 0.0038263906402467929 0.0013191137610006035 0.00038536362594451465 0.0012149076216337134 0.0015557025606131561 0.01214632866131478 -0.0066820815061392107 -0.00034880046484927731 0.0022150663661338098 0.0010744760677262569 0.00010534771254153275 0.010627318085257617 -0.0060164724167235673 0.0011518498831486078 -0.0017327506389336529
leaf_weight=7975.5631974549033 2159.8853739448823 9167.2749262776342 9241.4441363704682 5828.0995636980515 7351.0335482363589 37498.944257938681 5604.2646897578379 2281.9014828390209 3351.9023569115088 373.66266666725278 6626.4468489746796 3882.9086459917016 7913.6916145461728 336.59347359440289 2517.8104366097832 2565.2490533725359 3907.5857127616764 3462.8120519900112 5239.8483308469877 9400.6745307518286 107.70249307155609 111.9787291563116 2922.0652663286892 768.50043998938054 3653.2682028419804 4573.8577084137651 124.37320773303509 351.31777182221413 1731.3601085196424 380.59506402676925
leaf_count=101585 19520 56549 185375 40836 21210 603689 16026 5199 28663 496 12428 7854 41929 613 5360 5778 18956 16713 17202 28242 149 262 7033 1058 18040 31094 159 474 3788 802
internal_value=2.19376e-05 -0.000651999 -0.00125978 -0.00159276 0.00103618 -0.0018813 0.00152761 0.000471662 -0.00221306 0.00181583 0.00221041 0.00326737 -0.00109065 0.00257319 0.00104107 0.00149869 0.000125378 0.0018121 0.000185944 0.00135466 0.00327391 0.00286566 0.00110329 0.00405465 0.00226007 -0.000354511 0.000388219 -0.00174767 0.0027515 0.00251501
internal_weight=151413 104591 76908.9 67741.7 27682.5 58006 46821.1 10047.6 40850.8 36773.5 24354.9 10890 17155.1 2838.18 12418.7 9900.87 9735.69 14467.1 13215.4 13464.9 2501.58 2393.88 12322.7 1142.16 11004.3 7209.43 4698.23 2511.2 4296.61 7007.04
internal_count=1297082 1150747 975997 919448 174750 859656 146335 57470 632352 88865 57913 21084 227304 6223 30952 25592 59792 55963 118787 36829 5610 5461 35275 1554 39250 51247 31253 19994 9566 13230
is_linear=0
shrinkage=0.01


Tree=10
num_leaves=31
num_cat=0
split_feature=43 13 150 53 56 10 13 110 13 19 17 69 92 151 151 150 81 119 75 58 21 68 145 124 110 93 19 130 135 18
split_gain=1629.68 887.419 509.333 283.742 267.95 186.168 151.582 141.846 138.626 155.167 105.847 107.838 103.059 102.471 95.0469 91.2123 91.1367 89.7333 84.2948 80.316 79.6748 82.4923 76.346 74.8545 76.7023 74.2069 73.8744 72.8945 75.1316 72.1787
threshold=0.34529914529914535 -0.34150717703349281 0.34613526570048314 0.40121951219512203 0.47752525252525257 0.42153846153846164 0.33503401360544227 67.500000000000014 -0.16496598639455781 0.22046511627906976 -0.45789007092198575 0.41366459627329194 0.030776515151515142 -0.26163419913419911 -0.2722332015810276 1.0000000180025095e-35 0.018874643874643885 0.45293466223698786 0.22821969696969699 0.4793792517006803 0.49000000000000005 -0.33156028368794321 -0.2422222222222222 0.49000000000000005 74.500000000000014 0.013701201201201165 -0.1633333333333333 0.0091685515873015863 0.010310374149659853 -0.46076923076923076
decision_type=2 2 2 2 2 2 2 2 2 2 2 2 2 2 2 2 2 2 2 2 2 2 2 2 2 2 2 2 2 2
left_child=1 5 4 10 8 16 12 -8 25 -10 11 -2 13 -5 -4 -12 29 -9 26 -20 21 -6 -19 24 -16 -3 -17 28 -13 -1
right_child=3 2 14 6 20 -7 7 17 9 -11 15 27 -14 -15 23 18 -18 22 19 -21 -22 -23 -24 -25 -26 -27 -28 -29 -30 -31
leaf_value=0.0019618428990678268 -0.0023629963408729922 -0.0016893492414707962 0.0032376296489759434 0.0045789838235108108 0.0017946502756336338 0.0023519301821848062 0.00099397502247458277 0.004245353437310897 -0.0024430425330789515 -0.0010944660728820737 -0.0023466601811096312 -0.00066098049263658585 0.005625617419298381 0.0019918240006409622 0.00056201613777542652 0.0033346063187546619 0.001336948999840459 -0.0037369465025205231 0.00097576252724333582 0.0042081691194406782 0.0058608801159908963 -0.00079696236053692488 0.0021632586594054373 0.0050326701629305713 -0.004093887280164436 -0.00027987375150206612 -0.00013524946494001278 0.0074684877713093378 0.0042012384319369449 -0.00066870802616585795
leaf_weight=1211.037548930617 344.73960788734257 7437.1267256785068 1660.1213546009967 2081.3540939975064 2042.350797762163 6838.1012944943504 13140.514926898002 2636.8510740179336 33015.268699636741 11550.381763137761 1101.6864105017157 462.69462745590135 1391.3440944962204 5911.1847364598652 5155.8798788282147 644.51771193905734 5608.2080007111654 243.13164615537971 10941.925909496233 828.59128863946535 264.21287182718515 3073.4468824239448 2079.1579227379989 345.9508084381232 378.64735226030461 7544.3654296991881 12375.832984021225 404.77007819327991 989.67956210992998 7437.7196001777193
leaf_count=5511 1920 150201 9867 4482 10106 27227 31511 6413 546052 119853 19174 1340 2152 15013 40689 3770 16305 734 44880 2267 407 14183 4473 1454 3358 41053 78055 1117 2770 90106
internal_value=-3.69817e-06 -0.000809424 -0.00133493 0.00135251 -0.0016207 0.000995342 0.00207507 0.00153909 -0.00181383 -0.00209378 0.000645258 0.00275053 0.00310754 0.00266729 0.00112419 0.000465742 0.000343858 0.00298101 0.000591216 0.0012045 0.000515008 0.000235867 0.00153989 0.000525396 0.000240992 -0.0009803 3.59861e-05 0.00370589 0.00264597 -0.000299026
internal_weight=149141 93562.8 72467.8 55578 64927.2 21095.1 27483.5 18099.7 59547.1 44565.7 28094.4 2201.88 9383.88 7992.54 7540.6 25892.6 14257 4959.14 24790.9 11770.5 5380.01 5115.8 2322.29 5880.48 5534.53 14981.5 13020.4 1857.14 1452.37 8648.76
internal_count=1296443 1076372 937223 220071 881855 139149 64778 43131 857159 665905 155293 7147 21647 19495 55368 148146 111922 11620 128972 47147 24696 24289 5207 45501 44047 191254 81825 5227 4110 95617
is_linear=0
shrinkage=0.01


end of trees

feature_importances:
global_ls_ratio=12
close_ma720_ratio=11
fng_value=11
close_ma6_ratio=10
ls_divergence=9
rsi_24=7
bb_pband_48=7
global_long_pct=7
close_ma336_ratio=6
macd_signal=6
vol_12h_cs_rank=6
fng_ma7=6
close_ma12_ratio=5
ret_std_168h=5
macd=5
bb_width_48=5
btc_ret_24h=5
btc_ret_168h=5
news_count_7d=5
close_open_ratio=4
high_close_ratio=4
close_ma48_ratio=4
ret_sharpe_24h=4
rsi_14=4
bb_high_20=4
cci_48=4
breadth_pct_positive=4
fng_momentum=4
reversal_12v48=4
news_sentiment_7d=4
top_long_pct=4
ret_1h=3
ret_2h=3
ret_48h=3
ret_168h=3
close_ma168_ratio=3
ret_std_24h=3
ret_sharpe_168h=3
vol_price_corr_168h=3
rsi_12=3
btc_ret_4h=3
btc_ret_12h=3
eth_ret_4h=3
market_dispersion=3
vwap_12h_dist=3
mom_7d=3
ret_skew_48h_cs=3
btc_beta_168h=3
market_news_count_24h=3
oi_change_24h=3
funding_rate_binance=3
ret_72h=2
close_ma24_ratio=2
gk_vol_24h=2
gk_vol_48h=2
ret_skew_24h=2
ret_std_48h=2
ret_kurt_48h=2
ret_sharpe_48h=2
ret_kurt_168h=2
macd_diff=2
bb_width_20=2
atr_24=2
atr_48=2
adx=2
obv_ma_ratio_12=2
eth_ret_24h=2
ret_vs_btc_24h=2
regime_btc_dd_720=2
fng_ma30=2
reversal_4v24=2
market_news_sentiment_24h=2
oi_value_usd=2
oi_zscore_7d=2
taker_cvd_12h=2
ret_4h=1
ret_12h=1
close_ma72_ratio=1
vol_ma336_ratio=1
vol_ma720_ratio=1
gk_vol_12h=1
gk_vol_168h=1
ret_mean_24h=1
ret_mean_48h=1
ret_skew_168h=1
ret_mean_168h=1
vwap_dev_48h=1
vol_price_corr_48h=1
buy_pressure=1
bb_pband_20=1
bb_high_48=1
bb_low_48=1
atr_14=1
stoch_d=1
obv_ma_ratio_24=1
mfi_14=1
btc_ret_1h=1
btc_ret_48h=1
eth_ret_1h=1
eth_ret_12h=1
btc_regime_24=1
btc_vol_24h=1
eth_btc_ret_24h=1
regime_low_vol=1
regime_breadth_bullish=1
regime_composite=1
mom_12h_zscore=1
mom_accel_12h=1
vol_trend_12_48=1
funding_rate=1
reversal_24v168=1
news_count_1h=1
news_sentiment_24h=1
news_sentiment_momentum=1
news_volume_zscore=1
top_ls_ratio=1

parameters:
[boosting: gbdt]
[objective: lambdarank]
[metric: ndcg]
[tree_learner: serial]
[device_type: cpu]
[data_sample_strategy: bagging]
[data: ]
[valid: ]
[num_iterations: 5000]
[learning_rate: 0.01]
[num_leaves: 31]
[num_threads: 14]
[seed: 42]
[deterministic: 0]
[force_col_wise: 0]
[force_row_wise: 0]
[histogram_pool_size: -1]
[max_depth: 6]
[min_data_in_leaf: 200]
[min_sum_hessian_in_leaf: 0.001]
[bagging_fraction: 0.7]
[pos_bagging_fraction: 1]
[neg_bagging_fraction: 1]
[bagging_freq: 1]
[bagging_seed: 400]
[bagging_by_query: 0]
[feature_fraction: 0.5]
[feature_fraction_bynode: 1]
[feature_fraction_seed: 30056]
[extra_trees: 0]
[extra_seed: 12879]
[early_stopping_round: 0]
[early_stopping_min_delta: 0]
[first_metric_only: 0]
[max_delta_step: 0]
[lambda_l1: 1]
[lambda_l2: 1]
[linear_lambda: 0]
[min_gain_to_split: 0.01]
[drop_rate: 0.1]
[max_drop: 50]
[skip_drop: 0.5]
[xgboost_dart_mode: 0]
[uniform_drop: 0]
[drop_seed: 17869]
[top_rate: 0.2]
[other_rate: 0.1]
[min_data_per_group: 100]
[max_cat_threshold: 32]
[cat_l2: 10]
[cat_smooth: 10]
[max_cat_to_onehot: 4]
[top_k: 20]
[monotone_constraints: ]
[monotone_constraints_method: basic]
[monotone_penalty: 0]
[feature_contri: ]
[forcedsplits_filename: ]
[refit_decay_rate: 0.9]
[cegb_tradeoff: 1]
[cegb_penalty_split: 0]
[cegb_penalty_feature_lazy: ]
[cegb_penalty_feature_coupled: ]
[path_smooth: 0]
[interaction_constraints: ]
[verbosity: -1]
[saved_feature_importance_type: 0]
[use_quantized_grad: 0]
[num_grad_quant_bins: 4]
[quant_train_renew_leaf: 0]
[stochastic_rounding: 1]
[linear_tree: 0]
[max_bin: 255]
[max_bin_by_feature: ]
[min_data_in_bin: 3]
[bin_construct_sample_cnt: 200000]
[data_random_seed: 175]
[is_enable_sparse: 1]
[enable_bundle: 1]
[use_missing: 1]
[zero_as_missing: 0]
[feature_pre_filter: 1]
[pre_partition: 0]
[two_round: 0]
[header: 0]
[label_column: ]
[weight_column: ]
[group_column: ]
[ignore_column: ]
[categorical_feature: ]
[forcedbins_filename: ]
[precise_float_parser: 0]
[parser_config_file: ]
[objective_seed: 16083]
[num_class: 1]
[is_unbalance: 0]
[scale_pos_weight: 1]
[sigmoid: 1]
[boost_from_average: 1]
[reg_sqrt: 0]
[alpha: 0.9]
[fair_c: 1]
[poisson_max_delta_step: 0.7]
[tweedie_variance_power: 1.5]
[lambdarank_truncation_level: 5]
[lambdarank_norm: 1]
[label_gain: ]
[lambdarank_position_bias_regularization: 0]
[eval_at: 1,2,3,4,5]
[multi_error_top_k: 1]
[auc_mu_weights: ]
[num_machines: 1]
[local_listen_port: 12400]
[time_out: 120]
[machine_list_filename: ]
[machines: ]
[gpu_platform_id: -1]
[gpu_device_id: -1]
[gpu_use_dp: 0]
[num_gpu: 1]

end of parameters

pandas_categorical:[]
